hypothesis_id,null_kind,domain,seed_tag,split_regime,layer,perm_idx,null_value
H91,endpoint_swap_within_geodesic_bins,external_lung,seed42_main,source_disjoint,0,0,-0.004869565217391347
H91,endpoint_swap_within_geodesic_bins,external_lung,seed42_main,source_disjoint,0,1,-0.005913043478260938
H91,endpoint_swap_within_geodesic_bins,external_lung,seed42_main,source_disjoint,0,2,0.000765217391304418
H91,endpoint_swap_within_geodesic_bins,external_lung,seed42_main,source_disjoint,0,3,-0.0024347826086955626
H91,endpoint_swap_within_geodesic_bins,external_lung,seed42_main,source_disjoint,3,0,-0.0014608695652174042
H91,endpoint_swap_within_geodesic_bins,external_lung,seed42_main,source_disjoint,3,1,6.956521739132082e-05
H91,endpoint_swap_within_geodesic_bins,external_lung,seed42_main,source_disjoint,3,2,-0.007791304347825934
H91,endpoint_swap_within_geodesic_bins,external_lung,seed42_main,source_disjoint,3,3,-0.007860869565217365
H91,endpoint_swap_within_geodesic_bins,external_lung,seed42_main,source_disjoint,7,0,-0.0033043478260870174
H91,endpoint_swap_within_geodesic_bins,external_lung,seed42_main,source_disjoint,7,1,0.012486956521739034
H91,endpoint_swap_within_geodesic_bins,external_lung,seed42_main,source_disjoint,7,2,-0.011165217391304494
H91,endpoint_swap_within_geodesic_bins,external_lung,seed42_main,source_disjoint,7,3,-0.007547826086956588
H91,endpoint_swap_within_geodesic_bins,external_lung,seed42_main,source_disjoint,11,0,-0.0036869565217390043
H91,endpoint_swap_within_geodesic_bins,external_lung,seed42_main,source_disjoint,11,1,-0.006747826086956454
H91,endpoint_swap_within_geodesic_bins,external_lung,seed42_main,source_disjoint,11,2,0.007304347826087021
H91,endpoint_swap_within_geodesic_bins,external_lung,seed42_main,source_disjoint,11,3,-0.0011130434782608
H91,endpoint_swap_within_geodesic_bins,external_lung,seed42_main,target_disjoint,0,0,-0.007065765975619254
H91,endpoint_swap_within_geodesic_bins,external_lung,seed42_main,target_disjoint,0,1,-0.001319978259181731
H91,endpoint_swap_within_geodesic_bins,external_lung,seed42_main,target_disjoint,0,2,-0.008463390014752825
H91,endpoint_swap_within_geodesic_bins,external_lung,seed42_main,target_disjoint,0,3,-0.005823433496389474
H91,endpoint_swap_within_geodesic_bins,external_lung,seed42_main,target_disjoint,3,0,-0.011103346533115954
H91,endpoint_swap_within_geodesic_bins,external_lung,seed42_main,target_disjoint,3,1,0.002407019178507719
H91,endpoint_swap_within_geodesic_bins,external_lung,seed42_main,target_disjoint,3,2,-0.0006988120195666747
H91,endpoint_swap_within_geodesic_bins,external_lung,seed42_main,target_disjoint,3,3,-0.005978725056293155
H91,endpoint_swap_within_geodesic_bins,external_lung,seed42_main,target_disjoint,7,0,0.0029505396381704907
H91,endpoint_swap_within_geodesic_bins,external_lung,seed42_main,target_disjoint,7,1,-0.0015529155990372523
H91,endpoint_swap_within_geodesic_bins,external_lung,seed42_main,target_disjoint,7,2,0.00411522633744843
H91,endpoint_swap_within_geodesic_bins,external_lung,seed42_main,target_disjoint,7,3,0.0027176022983149695
H91,endpoint_swap_within_geodesic_bins,external_lung,seed42_main,target_disjoint,11,0,0.0010093951393741474
H91,endpoint_swap_within_geodesic_bins,external_lung,seed42_main,target_disjoint,11,1,-0.01832440406863889
H91,endpoint_swap_within_geodesic_bins,external_lung,seed42_main,target_disjoint,11,2,-0.005823433496389474
H91,endpoint_swap_within_geodesic_bins,external_lung,seed42_main,target_disjoint,11,3,-0.004891684136967278
H91,endpoint_swap_within_geodesic_bins,external_lung,seed43,source_disjoint,0,0,-0.000903781979977758
H91,endpoint_swap_within_geodesic_bins,external_lung,seed43,source_disjoint,0,1,-0.0015989988876529138
H91,endpoint_swap_within_geodesic_bins,external_lung,seed43,source_disjoint,0,2,0.00020856507230260224
H91,endpoint_swap_within_geodesic_bins,external_lung,seed43,source_disjoint,0,3,-0.004727474972191281
H91,endpoint_swap_within_geodesic_bins,external_lung,seed43,source_disjoint,3,0,-0.0012513904338152804
H91,endpoint_swap_within_geodesic_bins,external_lung,seed43,source_disjoint,3,1,-0.005492213570634119
H91,endpoint_swap_within_geodesic_bins,external_lung,seed43,source_disjoint,3,2,0.0009733036707453291
H91,endpoint_swap_within_geodesic_bins,external_lung,seed43,source_disjoint,3,3,-0.0050055617352612325
H91,endpoint_swap_within_geodesic_bins,external_lung,seed43,source_disjoint,7,0,0.0022246941045604984
H91,endpoint_swap_within_geodesic_bins,external_lung,seed43,source_disjoint,7,1,-0.0009733036707454401
H91,endpoint_swap_within_geodesic_bins,external_lung,seed43,source_disjoint,7,2,0.001807563959955516
H91,endpoint_swap_within_geodesic_bins,external_lung,seed43,source_disjoint,7,3,-0.002502780867630894
H91,endpoint_swap_within_geodesic_bins,external_lung,seed43,source_disjoint,11,0,-0.002780867630700845
H91,endpoint_swap_within_geodesic_bins,external_lung,seed43,source_disjoint,11,1,0.0005561735261401246
H91,endpoint_swap_within_geodesic_bins,external_lung,seed43,source_disjoint,11,2,-0.0010428253615126781
H91,endpoint_swap_within_geodesic_bins,external_lung,seed43,source_disjoint,11,3,-0.0024332591768632117
H91,endpoint_swap_within_geodesic_bins,external_lung,seed43,target_disjoint,0,0,0.0011646866992779392
H91,endpoint_swap_within_geodesic_bins,external_lung,seed43,target_disjoint,0,1,-0.008463390014752825
H91,endpoint_swap_within_geodesic_bins,external_lung,seed43,target_disjoint,0,2,-0.0017858529388928845
H91,endpoint_swap_within_geodesic_bins,external_lung,seed43,target_disjoint,0,3,-0.004270517897352333
H91,endpoint_swap_within_geodesic_bins,external_lung,seed43,target_disjoint,3,0,-0.007259880425498966
H91,endpoint_swap_within_geodesic_bins,external_lung,seed43,target_disjoint,3,1,3.8822889975920205e-05
H91,endpoint_swap_within_geodesic_bins,external_lung,seed43,target_disjoint,3,2,0.0010093951393740364
H91,endpoint_swap_within_geodesic_bins,external_lung,seed43,target_disjoint,3,3,-0.002290550508579847
H91,endpoint_swap_within_geodesic_bins,external_lung,seed43,target_disjoint,7,0,0.002795248078267032
H91,endpoint_swap_within_geodesic_bins,external_lung,seed43,target_disjoint,7,1,0.0015529155990372523
H91,endpoint_swap_within_geodesic_bins,external_lung,seed43,target_disjoint,7,2,0.0007764577995186261
H91,endpoint_swap_within_geodesic_bins,external_lung,seed43,target_disjoint,7,3,0.008308098454849033
H91,endpoint_swap_within_geodesic_bins,external_lung,seed43,target_disjoint,11,0,-0.0034164143178818662
H91,endpoint_swap_within_geodesic_bins,external_lung,seed43,target_disjoint,11,1,-0.004581101017159694
H91,endpoint_swap_within_geodesic_bins,external_lung,seed43,target_disjoint,11,2,-0.00038822889975920205
H91,endpoint_swap_within_geodesic_bins,external_lung,seed43,target_disjoint,11,3,-0.0036493516577373875
H91,endpoint_swap_within_geodesic_bins,external_lung,seed44,source_disjoint,0,0,0.006704378797402044
H91,endpoint_swap_within_geodesic_bins,external_lung,seed44,source_disjoint,0,1,0.0033521893987010776
H91,endpoint_swap_within_geodesic_bins,external_lung,seed44,source_disjoint,0,2,0.0023744674907465457
H91,endpoint_swap_within_geodesic_bins,external_lung,seed44,source_disjoint,0,3,-0.0033521893987010776
H91,endpoint_swap_within_geodesic_bins,external_lung,seed44,source_disjoint,3,0,0.003631538515259436
H91,endpoint_swap_within_geodesic_bins,external_lung,seed44,source_disjoint,3,1,-0.001326908303652452
H91,endpoint_swap_within_geodesic_bins,external_lung,seed44,source_disjoint,3,2,0.006494866959983137
H91,endpoint_swap_within_geodesic_bins,external_lung,seed44,source_disjoint,3,3,0.006634541518262371
H91,endpoint_swap_within_geodesic_bins,external_lung,seed44,source_disjoint,7,0,-0.007891612542775372
H91,endpoint_swap_within_geodesic_bins,external_lung,seed44,source_disjoint,7,1,-0.0033521893987009665
H91,endpoint_swap_within_geodesic_bins,external_lung,seed44,source_disjoint,7,2,-0.0020252810950484035
H91,endpoint_swap_within_geodesic_bins,external_lung,seed44,source_disjoint,7,3,-0.005098121377191123
H91,endpoint_swap_within_geodesic_bins,external_lung,seed44,source_disjoint,11,0,-0.0030030030030030463
H91,endpoint_swap_within_geodesic_bins,external_lung,seed44,source_disjoint,11,1,-0.005447307772889154
H91,endpoint_swap_within_geodesic_bins,external_lung,seed44,source_disjoint,11,2,-0.001326908303652341
H91,endpoint_swap_within_geodesic_bins,external_lung,seed44,source_disjoint,11,3,-0.001815769257629718
H91,endpoint_swap_within_geodesic_bins,external_lung,seed44,target_disjoint,0,0,-0.0026242667489966287
H91,endpoint_swap_within_geodesic_bins,external_lung,seed44,target_disjoint,0,1,0.0023155294844089402
H91,endpoint_swap_within_geodesic_bins,external_lung,seed44,target_disjoint,0,2,0.005634455078728062
H91,endpoint_swap_within_geodesic_bins,external_lung,seed44,target_disjoint,0,3,0.004708243284964553
H91,endpoint_swap_within_geodesic_bins,external_lung,seed44,target_disjoint,3,0,-0.004013584439641837
H91,endpoint_swap_within_geodesic_bins,external_lung,seed44,target_disjoint,3,1,0.00061747452917571
H91,endpoint_swap_within_geodesic_bins,external_lung,seed44,target_disjoint,3,2,-0.004785427601111447
H91,endpoint_swap_within_geodesic_bins,external_lung,seed44,target_disjoint,3,3,-0.0007718431614694987
H91,endpoint_swap_within_geodesic_bins,external_lung,seed44,target_disjoint,7,0,-0.004013584439641726
H91,endpoint_swap_within_geodesic_bins,external_lung,seed44,target_disjoint,7,1,-0.002238345168261602
H91,endpoint_swap_within_geodesic_bins,external_lung,seed44,target_disjoint,7,2,-0.0016208706390861138
H91,endpoint_swap_within_geodesic_bins,external_lung,seed44,target_disjoint,7,3,0.0003859215807349159
H91,endpoint_swap_within_geodesic_bins,external_lung,seed44,target_disjoint,11,0,-0.010188329731398493
H91,endpoint_swap_within_geodesic_bins,external_lung,seed44,target_disjoint,11,1,-0.014124729854893547
H91,endpoint_swap_within_geodesic_bins,external_lung,seed44,target_disjoint,11,2,0.010188329731398493
H91,endpoint_swap_within_geodesic_bins,external_lung,seed44,target_disjoint,11,3,-0.008027168879283786
H91,endpoint_swap_within_geodesic_bins,immune,seed42_main,source_disjoint,0,0,0.0008333333333334636
H91,endpoint_swap_within_geodesic_bins,immune,seed42_main,source_disjoint,0,1,-0.009629629629629655
H91,endpoint_swap_within_geodesic_bins,immune,seed42_main,source_disjoint,0,2,0.0011111111111110628
H91,endpoint_swap_within_geodesic_bins,immune,seed42_main,source_disjoint,0,3,0.003055555555555589
H91,endpoint_swap_within_geodesic_bins,immune,seed42_main,source_disjoint,3,0,0.0037037037037036535
H91,endpoint_swap_within_geodesic_bins,immune,seed42_main,source_disjoint,3,1,-0.004537037037037117
H91,endpoint_swap_within_geodesic_bins,immune,seed42_main,source_disjoint,3,2,-0.00796296296296306
H91,endpoint_swap_within_geodesic_bins,immune,seed42_main,source_disjoint,3,3,0.004629629629629539
H91,endpoint_swap_within_geodesic_bins,immune,seed42_main,source_disjoint,7,0,-0.00037037037037035425
H91,endpoint_swap_within_geodesic_bins,immune,seed42_main,source_disjoint,7,1,-0.0092592592592593
H91,endpoint_swap_within_geodesic_bins,immune,seed42_main,source_disjoint,7,2,-0.0019444444444444153
H91,endpoint_swap_within_geodesic_bins,immune,seed42_main,source_disjoint,7,3,-0.004629629629629539
H91,endpoint_swap_within_geodesic_bins,immune,seed42_main,source_disjoint,11,0,-0.006018518518518534
H91,endpoint_swap_within_geodesic_bins,immune,seed42_main,source_disjoint,11,1,0.010925925925925783
H91,endpoint_swap_within_geodesic_bins,immune,seed42_main,source_disjoint,11,2,0.007870370370370305
H91,endpoint_swap_within_geodesic_bins,immune,seed42_main,source_disjoint,11,3,-0.001388888888888995
H91,endpoint_swap_within_geodesic_bins,immune,seed42_main,target_disjoint,0,0,0.001388888888888884
H91,endpoint_swap_within_geodesic_bins,immune,seed42_main,target_disjoint,0,1,-0.0003703703703704653
H91,endpoint_swap_within_geodesic_bins,immune,seed42_main,target_disjoint,0,2,0.00435185185185194
H91,endpoint_swap_within_geodesic_bins,immune,seed42_main,target_disjoint,0,3,0.0007407407407407085
H91,endpoint_swap_within_geodesic_bins,immune,seed42_main,target_disjoint,3,0,0.0018518518518519933
H91,endpoint_swap_within_geodesic_bins,immune,seed42_main,target_disjoint,3,1,0.02620370370370373
H91,endpoint_swap_within_geodesic_bins,immune,seed42_main,target_disjoint,3,2,0.001388888888888884
H91,endpoint_swap_within_geodesic_bins,immune,seed42_main,target_disjoint,3,3,0.009907407407407476
H91,endpoint_swap_within_geodesic_bins,immune,seed42_main,target_disjoint,7,0,0.005833333333333357
H91,endpoint_swap_within_geodesic_bins,immune,seed42_main,target_disjoint,7,1,0.0030555555555557
H91,endpoint_swap_within_geodesic_bins,immune,seed42_main,target_disjoint,7,2,-0.0034259259259259434
H91,endpoint_swap_within_geodesic_bins,immune,seed42_main,target_disjoint,7,3,-0.008055555555555594
H91,endpoint_swap_within_geodesic_bins,immune,seed42_main,target_disjoint,11,0,0.0009259259259258856
H91,endpoint_swap_within_geodesic_bins,immune,seed42_main,target_disjoint,11,1,0.0004629629629629983
H91,endpoint_swap_within_geodesic_bins,immune,seed42_main,target_disjoint,11,2,0.0023148148148146586
H91,endpoint_swap_within_geodesic_bins,immune,seed42_main,target_disjoint,11,3,-0.001574074074074172
H91,endpoint_swap_within_geodesic_bins,immune,seed43,source_disjoint,0,0,0.0021064200018318102
H91,endpoint_swap_within_geodesic_bins,immune,seed43,source_disjoint,0,1,0.0043960069603445895
H91,endpoint_swap_within_geodesic_bins,immune,seed43,source_disjoint,0,2,0.0034801721769393
H91,endpoint_swap_within_geodesic_bins,immune,seed43,source_disjoint,0,3,0.003297005220258331
H91,endpoint_swap_within_geodesic_bins,immune,seed43,source_disjoint,3,0,0.0018316695668102456
H91,endpoint_swap_within_geodesic_bins,immune,seed43,source_disjoint,3,1,0.0069603443538786
H91,endpoint_swap_within_geodesic_bins,immune,seed43,source_disjoint,3,2,0.0020148365234911036
H91,endpoint_swap_within_geodesic_bins,immune,seed43,source_disjoint,3,3,0.008425680007326686
H91,endpoint_swap_within_geodesic_bins,immune,seed43,source_disjoint,7,0,0.005128674787068355
H91,endpoint_swap_within_geodesic_bins,immune,seed43,source_disjoint,7,1,0.006410843483835471
H91,endpoint_swap_within_geodesic_bins,immune,seed43,source_disjoint,7,2,0.003113838263577251
H91,endpoint_swap_within_geodesic_bins,immune,seed43,source_disjoint,7,3,-0.007967762615624152
H91,endpoint_swap_within_geodesic_bins,immune,seed43,source_disjoint,11,0,0.00137375217510749
H91,endpoint_swap_within_geodesic_bins,immune,seed43,source_disjoint,11,1,-0.002564337393534122
H91,endpoint_swap_within_geodesic_bins,immune,seed43,source_disjoint,11,2,0.0016485026101290545
H91,endpoint_swap_within_geodesic_bins,immune,seed43,source_disjoint,11,3,0.0032054217419178466
H91,endpoint_swap_within_geodesic_bins,immune,seed43,target_disjoint,0,0,-0.0018316695668100236
H91,endpoint_swap_within_geodesic_bins,immune,seed43,target_disjoint,0,1,-0.0014653356534480855
H91,endpoint_swap_within_geodesic_bins,immune,seed43,target_disjoint,0,2,0.004029673046982318
H91,endpoint_swap_within_geodesic_bins,immune,seed43,target_disjoint,0,3,-0.0011905852184265209
H91,endpoint_swap_within_geodesic_bins,immune,seed43,target_disjoint,3,0,-0.0038465060903012382
H91,endpoint_swap_within_geodesic_bins,immune,seed43,target_disjoint,3,1,0.0026559208718747174
H91,endpoint_swap_within_geodesic_bins,immune,seed43,target_disjoint,3,2,-0.001373752175107601
H91,endpoint_swap_within_geodesic_bins,immune,seed43,target_disjoint,3,3,0.00174008608846965
H91,endpoint_swap_within_geodesic_bins,immune,seed43,target_disjoint,7,0,0.0003663339133619381
H91,endpoint_swap_within_geodesic_bins,immune,seed43,target_disjoint,7,1,-0.00036633391336216015
H91,endpoint_swap_within_geodesic_bins,immune,seed43,target_disjoint,7,2,-0.00018316695668096905
H91,endpoint_swap_within_geodesic_bins,immune,seed43,target_disjoint,7,3,-0.0005495008700430182
H91,endpoint_swap_within_geodesic_bins,immune,seed43,target_disjoint,11,0,0.01080685044417995
H91,endpoint_swap_within_geodesic_bins,immune,seed43,target_disjoint,11,1,0.001190585218426743
H91,endpoint_swap_within_geodesic_bins,immune,seed43,target_disjoint,11,2,0.012363769575968409
H91,endpoint_swap_within_geodesic_bins,immune,seed43,target_disjoint,11,3,0.005037091308728092
H91,endpoint_swap_within_geodesic_bins,immune,seed44,source_disjoint,0,0,-0.003938089568641945
H91,endpoint_swap_within_geodesic_bins,immune,seed44,source_disjoint,0,1,9.15834783403735e-05
H91,endpoint_swap_within_geodesic_bins,immune,seed44,source_disjoint,0,2,0.010806850444179728
H91,endpoint_swap_within_geodesic_bins,immune,seed44,source_disjoint,0,3,0.00018316695668085803
H91,endpoint_swap_within_geodesic_bins,immune,seed44,source_disjoint,3,0,0.0028390878285557974
H91,endpoint_swap_within_geodesic_bins,immune,seed44,source_disjoint,3,1,0.0019232530451506191
H91,endpoint_swap_within_geodesic_bins,immune,seed44,source_disjoint,3,2,0.0014653356534481965
H91,endpoint_swap_within_geodesic_bins,immune,seed44,source_disjoint,3,3,-0.0019232530451507301
H91,endpoint_swap_within_geodesic_bins,immune,seed44,source_disjoint,7,0,0.0002747504350215646
H91,endpoint_swap_within_geodesic_bins,immune,seed44,source_disjoint,7,1,0.004121256525322803
H91,endpoint_swap_within_geodesic_bins,immune,seed44,source_disjoint,7,2,0.0014653356534481965
H91,endpoint_swap_within_geodesic_bins,immune,seed44,source_disjoint,7,3,-0.008059346093964526
H91,endpoint_swap_within_geodesic_bins,immune,seed44,source_disjoint,11,0,0.001740086088469761
H91,endpoint_swap_within_geodesic_bins,immune,seed44,source_disjoint,11,1,0.0012821686967671164
H91,endpoint_swap_within_geodesic_bins,immune,seed44,source_disjoint,11,2,0.005769759135451857
H91,endpoint_swap_within_geodesic_bins,immune,seed44,source_disjoint,11,3,-9.158347834048453e-05
H91,endpoint_swap_within_geodesic_bins,immune,seed44,target_disjoint,0,0,0.005524861878453136
H91,endpoint_swap_within_geodesic_bins,immune,seed44,target_disjoint,0,1,0.0071167712332615984
H91,endpoint_swap_within_geodesic_bins,immune,seed44,target_disjoint,0,2,0.0077722633205355995
H91,endpoint_swap_within_geodesic_bins,immune,seed44,target_disjoint,0,3,0.007116771233261487
H91,endpoint_swap_within_geodesic_bins,immune,seed44,target_disjoint,3,0,0.005993070512220311
H91,endpoint_swap_within_geodesic_bins,immune,seed44,target_disjoint,3,1,0.014420825920029912
H91,endpoint_swap_within_geodesic_bins,immune,seed44,target_disjoint,3,2,0.0003745669070137625
H91,endpoint_swap_within_geodesic_bins,immune,seed44,target_disjoint,3,3,0.010394231669631937
H91,endpoint_swap_within_geodesic_bins,immune,seed44,target_disjoint,7,0,0.0003745669070136515
H91,endpoint_swap_within_geodesic_bins,immune,seed44,target_disjoint,7,1,-0.003932952523644562
H91,endpoint_swap_within_geodesic_bins,immune,seed44,target_disjoint,7,2,-0.0026219683490964485
H91,endpoint_swap_within_geodesic_bins,immune,seed44,target_disjoint,7,3,-0.006742204326247725
H91,endpoint_swap_within_geodesic_bins,immune,seed44,target_disjoint,11,0,0.002153759715329162
H91,endpoint_swap_within_geodesic_bins,immune,seed44,target_disjoint,11,1,0.018541061897181188
H91,endpoint_swap_within_geodesic_bins,immune,seed44,target_disjoint,11,2,0.001076879857664581
H91,endpoint_swap_within_geodesic_bins,immune,seed44,target_disjoint,11,3,0.02411274463901103
H91,endpoint_swap_within_geodesic_bins,lung,seed42_main,source_disjoint,0,0,-0.008889506215709497
H91,endpoint_swap_within_geodesic_bins,lung,seed42_main,source_disjoint,0,1,0.0015973331481352604
H91,endpoint_swap_within_geodesic_bins,lung,seed42_main,source_disjoint,0,2,-0.0081950135426071
H91,endpoint_swap_within_geodesic_bins,lung,seed42_main,source_disjoint,0,3,-0.010000694492673046
H91,endpoint_swap_within_geodesic_bins,lung,seed42_main,source_disjoint,3,0,-0.005278144315577493
H91,endpoint_swap_within_geodesic_bins,lung,seed42_main,source_disjoint,3,1,-0.010695187165775444
H91,endpoint_swap_within_geodesic_bins,lung,seed42_main,source_disjoint,3,2,0.0018056809500660576
H91,endpoint_swap_within_geodesic_bins,lung,seed42_main,source_disjoint,3,3,0.009306201819570759
H91,endpoint_swap_within_geodesic_bins,lung,seed42_main,source_disjoint,7,0,-0.0010417390096534307
H91,endpoint_swap_within_geodesic_bins,lung,seed42_main,source_disjoint,7,1,-0.015070491006319853
H91,endpoint_swap_within_geodesic_bins,lung,seed42_main,source_disjoint,7,2,-0.012570317383151508
H91,endpoint_swap_within_geodesic_bins,lung,seed42_main,source_disjoint,7,3,0.0042364053059240625
H91,endpoint_swap_within_geodesic_bins,lung,seed42_main,source_disjoint,11,0,-0.000486144871171601
H91,endpoint_swap_within_geodesic_bins,lung,seed42_main,source_disjoint,11,1,0.004028057503993376
H91,endpoint_swap_within_geodesic_bins,lung,seed42_main,source_disjoint,11,2,-0.006875477463712754
H91,endpoint_swap_within_geodesic_bins,lung,seed42_main,source_disjoint,11,3,0.0007639419404125158
H91,endpoint_swap_within_geodesic_bins,lung,seed42_main,target_disjoint,0,0,-0.001502516715498392
H91,endpoint_swap_within_geodesic_bins,lung,seed42_main,target_disjoint,0,1,-0.0033806626098714654
H91,endpoint_swap_within_geodesic_bins,lung,seed42_main,target_disjoint,0,2,-0.003906543460296064
H91,endpoint_swap_within_geodesic_bins,lung,seed42_main,target_disjoint,0,3,-0.008263841935241434
H91,endpoint_swap_within_geodesic_bins,lung,seed42_main,target_disjoint,3,0,-0.0010517617008488633
H91,endpoint_swap_within_geodesic_bins,lung,seed42_main,target_disjoint,3,1,-0.0020283975659228792
H91,endpoint_swap_within_geodesic_bins,lung,seed42_main,target_disjoint,3,2,-0.006686199383968194
H91,endpoint_swap_within_geodesic_bins,lung,seed42_main,target_disjoint,3,3,-0.001502516715498503
H91,endpoint_swap_within_geodesic_bins,lung,seed42_main,target_disjoint,7,0,-0.0055593118473442615
H91,endpoint_swap_within_geodesic_bins,lung,seed42_main,target_disjoint,7,1,-0.004357298474945592
H91,endpoint_swap_within_geodesic_bins,lung,seed42_main,target_disjoint,7,2,-0.0017278942228232674
H91,endpoint_swap_within_geodesic_bins,lung,seed42_main,target_disjoint,7,3,0.0020283975659229903
H91,endpoint_swap_within_geodesic_bins,lung,seed42_main,target_disjoint,11,0,0.012546014574412179
H91,endpoint_swap_within_geodesic_bins,lung,seed42_main,target_disjoint,11,1,0.0001502516715498059
H91,endpoint_swap_within_geodesic_bins,lung,seed42_main,target_disjoint,11,2,-1.1102230246251565e-16
H91,endpoint_swap_within_geodesic_bins,lung,seed42_main,target_disjoint,11,3,0.0030801592667717426
H91,endpoint_swap_within_geodesic_bins,lung,seed43,source_disjoint,0,0,-0.006319883325230702
H91,endpoint_swap_within_geodesic_bins,lung,seed43,source_disjoint,0,1,-0.03694701020904212
H91,endpoint_swap_within_geodesic_bins,lung,seed43,source_disjoint,0,2,-0.024793388429751984
H91,endpoint_swap_within_geodesic_bins,lung,seed43,source_disjoint,0,3,-0.014792693937078827
H91,endpoint_swap_within_geodesic_bins,lung,seed43,source_disjoint,3,0,-0.02500173623168289
H91,endpoint_swap_within_geodesic_bins,lung,seed43,source_disjoint,3,1,-0.035627474130147996
H91,endpoint_swap_within_geodesic_bins,lung,seed43,source_disjoint,3,2,-0.029168692270296614
H91,endpoint_swap_within_geodesic_bins,lung,seed43,source_disjoint,3,3,-0.0120147232446699
H91,endpoint_swap_within_geodesic_bins,lung,seed43,source_disjoint,7,0,-0.009514549621501556
H91,endpoint_swap_within_geodesic_bins,lung,seed43,source_disjoint,7,1,-0.007014375998333322
H91,endpoint_swap_within_geodesic_bins,lung,seed43,source_disjoint,7,2,0.009375651086880987
H91,endpoint_swap_within_geodesic_bins,lung,seed43,source_disjoint,7,3,-0.003403014098201318
H91,endpoint_swap_within_geodesic_bins,lung,seed43,source_disjoint,11,0,0.0033335648308910892
H91,endpoint_swap_within_geodesic_bins,lung,seed43,source_disjoint,11,1,0.008056115007986753
H91,endpoint_swap_within_geodesic_bins,lung,seed43,source_disjoint,11,2,0.0006250434057921694
H91,endpoint_swap_within_geodesic_bins,lung,seed43,source_disjoint,11,3,0.002916869227029717
H91,endpoint_swap_within_geodesic_bins,lung,seed43,target_disjoint,0,0,-0.010651435628280415
H91,endpoint_swap_within_geodesic_bins,lung,seed43,target_disjoint,0,1,7.718431614689436e-05
H91,endpoint_swap_within_geodesic_bins,lung,seed43,target_disjoint,0,2,-0.011037357209015108
H91,endpoint_swap_within_geodesic_bins,lung,seed43,target_disjoint,0,3,-0.013430071009570832
H91,endpoint_swap_within_geodesic_bins,lung,seed43,target_disjoint,3,0,-0.00825872182772458
H91,endpoint_swap_within_geodesic_bins,lung,seed43,target_disjoint,3,1,-0.00023155294844090513
H91,endpoint_swap_within_geodesic_bins,lung,seed43,target_disjoint,3,2,-0.010497066995986404
H91,endpoint_swap_within_geodesic_bins,lung,seed43,target_disjoint,3,3,0.004399506020376642
H91,endpoint_swap_within_geodesic_bins,lung,seed43,target_disjoint,7,0,0.0009648039518369567
H91,endpoint_swap_within_geodesic_bins,lung,seed43,target_disjoint,7,1,3.859215807344718e-05
H91,endpoint_swap_within_geodesic_bins,lung,seed43,target_disjoint,7,2,0.0019682000617473605
H91,endpoint_swap_within_geodesic_bins,lung,seed43,target_disjoint,7,3,-0.007062364927446829
H91,endpoint_swap_within_geodesic_bins,lung,seed43,target_disjoint,11,0,-0.005325717814140263
H91,endpoint_swap_within_geodesic_bins,lung,seed43,target_disjoint,11,1,0.000617474529175488
H91,endpoint_swap_within_geodesic_bins,lung,seed43,target_disjoint,11,2,-0.001852423587527019
H91,endpoint_swap_within_geodesic_bins,lung,seed43,target_disjoint,11,3,0.012117937635072518
H91,endpoint_swap_within_geodesic_bins,lung,seed44,source_disjoint,0,0,0.012295081967213073
H91,endpoint_swap_within_geodesic_bins,lung,seed44,source_disjoint,0,1,0.0009724923589886636
H91,endpoint_swap_within_geodesic_bins,lung,seed44,source_disjoint,0,2,0.001667129758266217
H91,endpoint_swap_within_geodesic_bins,lung,seed44,source_disjoint,0,3,0.007641011392053421
H91,endpoint_swap_within_geodesic_bins,lung,seed44,source_disjoint,3,0,-0.0026396221172548806
H91,endpoint_swap_within_geodesic_bins,lung,seed44,source_disjoint,3,1,0.0013198110586272183
H91,endpoint_swap_within_geodesic_bins,lung,seed44,source_disjoint,3,2,-0.000903028619060886
H91,endpoint_swap_within_geodesic_bins,lung,seed44,source_disjoint,3,3,-0.0018755209780495496
H91,endpoint_swap_within_geodesic_bins,lung,seed44,source_disjoint,7,0,0.007085301472631311
H91,endpoint_swap_within_geodesic_bins,lung,seed44,source_disjoint,7,1,-0.004376215615448875
H91,endpoint_swap_within_geodesic_bins,lung,seed44,source_disjoint,7,2,0.012572936926923961
H91,endpoint_swap_within_geodesic_bins,lung,seed44,source_disjoint,7,3,-0.004306751875521098
H91,endpoint_swap_within_geodesic_bins,lung,seed44,source_disjoint,11,0,-0.0013892747985552178
H91,endpoint_swap_within_geodesic_bins,lung,seed44,source_disjoint,11,1,0.0041678243956653205
H91,endpoint_swap_within_geodesic_bins,lung,seed44,source_disjoint,11,2,-0.002709085857182769
H91,endpoint_swap_within_geodesic_bins,lung,seed44,source_disjoint,11,3,0.0029869408168934353
H91,endpoint_swap_within_geodesic_bins,lung,seed44,target_disjoint,0,0,-0.002328900909022602
H91,endpoint_swap_within_geodesic_bins,lung,seed44,target_disjoint,0,1,-0.0036811659529712992
H91,endpoint_swap_within_geodesic_bins,lung,seed44,target_disjoint,0,2,0.0005258808504244872
H91,endpoint_swap_within_geodesic_bins,lung,seed44,target_disjoint,0,3,-0.002629404252122325
H91,endpoint_swap_within_geodesic_bins,lung,seed44,target_disjoint,3,0,-0.005484186011569414
H91,endpoint_swap_within_geodesic_bins,lung,seed44,target_disjoint,3,1,-0.014273908797235446
H91,endpoint_swap_within_geodesic_bins,lung,seed44,target_disjoint,3,2,-0.0009015100292991685
H91,endpoint_swap_within_geodesic_bins,lung,seed44,target_disjoint,3,3,-0.008263841935241434
H91,endpoint_swap_within_geodesic_bins,lung,seed44,target_disjoint,7,0,-0.002028397565922768
H91,endpoint_swap_within_geodesic_bins,lung,seed44,target_disjoint,7,1,0.0015776425512733505
H91,endpoint_swap_within_geodesic_bins,lung,seed44,target_disjoint,7,2,-0.0018030200585981149
H91,endpoint_swap_within_geodesic_bins,lung,seed44,target_disjoint,7,3,-0.0012020133723985582
H91,endpoint_swap_within_geodesic_bins,lung,seed44,target_disjoint,11,0,-0.0009015100292990574
H91,endpoint_swap_within_geodesic_bins,lung,seed44,target_disjoint,11,1,-0.005859815190443762
H91,endpoint_swap_within_geodesic_bins,lung,seed44,target_disjoint,11,2,0.011644504545113232
H91,endpoint_swap_within_geodesic_bins,lung,seed44,target_disjoint,11,3,0.004507550146495509
H91,label_permutation,external_lung,seed42_main,source_disjoint,0,0,0.060173913043478244
H91,label_permutation,external_lung,seed42_main,source_disjoint,0,1,0.030330434782608662
H91,label_permutation,external_lung,seed42_main,source_disjoint,0,2,0.002817391304347827
H91,label_permutation,external_lung,seed42_main,source_disjoint,0,3,0.02222608695652173
H91,label_permutation,external_lung,seed42_main,source_disjoint,3,0,-0.03161739130434782
H91,label_permutation,external_lung,seed42_main,source_disjoint,3,1,-0.00313043478260866
H91,label_permutation,external_lung,seed42_main,source_disjoint,3,2,-0.03255652173913043
H91,label_permutation,external_lung,seed42_main,source_disjoint,3,3,0.04320000000000007
H91,label_permutation,external_lung,seed42_main,source_disjoint,7,0,0.0536695652173913
H91,label_permutation,external_lung,seed42_main,source_disjoint,7,1,0.19600000000000006
H91,label_permutation,external_lung,seed42_main,source_disjoint,7,2,0.12674782608695667
H91,label_permutation,external_lung,seed42_main,source_disjoint,7,3,0.09906086956521742
H91,label_permutation,external_lung,seed42_main,source_disjoint,11,0,-0.006121739130434789
H91,label_permutation,external_lung,seed42_main,source_disjoint,11,1,0.003791304347826041
H91,label_permutation,external_lung,seed42_main,source_disjoint,11,2,0.023617391304347923
H91,label_permutation,external_lung,seed42_main,source_disjoint,11,3,-0.045356521739130407
H91,label_permutation,external_lung,seed42_main,target_disjoint,0,0,0.09375727929187044
H91,label_permutation,external_lung,seed42_main,target_disjoint,0,1,-0.032650050469757
H91,label_permutation,external_lung,seed42_main,target_disjoint,0,2,0.014131531951238507
H91,label_permutation,external_lung,seed42_main,target_disjoint,0,3,-0.017625592049072214
H91,label_permutation,external_lung,seed42_main,target_disjoint,3,0,0.06856122369749207
H91,label_permutation,external_lung,seed42_main,target_disjoint,3,1,0.03447472629862569
H91,label_permutation,external_lung,seed42_main,target_disjoint,3,2,0.03183476978026245
H91,label_permutation,external_lung,seed42_main,target_disjoint,3,3,-0.008075161114993401
H91,label_permutation,external_lung,seed42_main,target_disjoint,7,0,-0.05563320133550742
H91,label_permutation,external_lung,seed42_main,target_disjoint,7,1,-0.08315863032844162
H91,label_permutation,external_lung,seed42_main,target_disjoint,7,2,-0.012695085022129127
H91,label_permutation,external_lung,seed42_main,target_disjoint,7,3,-0.05120739187825146
H91,label_permutation,external_lung,seed42_main,target_disjoint,11,0,-0.04177342961410052
H91,label_permutation,external_lung,seed42_main,target_disjoint,11,1,0.03556176721795179
H91,label_permutation,external_lung,seed42_main,target_disjoint,11,2,-0.041734606724124435
H91,label_permutation,external_lung,seed42_main,target_disjoint,11,3,0.0153350415404922
H91,label_permutation,external_lung,seed43,source_disjoint,0,0,-0.02999860956618472
H91,label_permutation,external_lung,seed43,source_disjoint,0,1,-0.009593993325917705
H91,label_permutation,external_lung,seed43,source_disjoint,0,2,-0.050611790878754226
H91,label_permutation,external_lung,seed43,source_disjoint,0,3,-0.033300889877641904
H91,label_permutation,external_lung,seed43,source_disjoint,3,0,-0.03486512791991103
H91,label_permutation,external_lung,seed43,source_disjoint,3,1,-0.013834816462736321
H91,label_permutation,external_lung,seed43,source_disjoint,3,2,-0.03966212458286977
H91,label_permutation,external_lung,seed43,source_disjoint,3,3,0.030033370411568394
H91,label_permutation,external_lung,seed43,source_disjoint,7,0,0.018458008898776468
H91,label_permutation,external_lung,seed43,source_disjoint,7,1,0.017380422691880004
H91,label_permutation,external_lung,seed43,source_disjoint,7,2,0.019083704115684108
H91,label_permutation,external_lung,seed43,source_disjoint,7,3,0.05426167964404893
H91,label_permutation,external_lung,seed43,source_disjoint,11,0,-0.0371593437152391
H91,label_permutation,external_lung,seed43,source_disjoint,11,1,0.060205784204671875
H91,label_permutation,external_lung,seed43,source_disjoint,11,2,0.06802697441601774
H91,label_permutation,external_lung,seed43,source_disjoint,11,3,0.01195773081201329
H91,label_permutation,external_lung,seed43,target_disjoint,0,0,0.05283795325724033
H91,label_permutation,external_lung,seed43,target_disjoint,0,1,-0.05194502678779411
H91,label_permutation,external_lung,seed43,target_disjoint,0,2,-0.04837332091000862
H91,label_permutation,external_lung,seed43,target_disjoint,0,3,-0.036842922587157434
H91,label_permutation,external_lung,seed43,target_disjoint,3,0,-0.008696327354608291
H91,label_permutation,external_lung,seed43,target_disjoint,3,1,0.06724124543831045
H91,label_permutation,external_lung,seed43,target_disjoint,3,2,0.05105210031834767
H91,label_permutation,external_lung,seed43,target_disjoint,3,3,-0.00791986955508972
H91,label_permutation,external_lung,seed43,target_disjoint,7,0,-0.034202966068794194
H91,label_permutation,external_lung,seed43,target_disjoint,7,1,0.009162202034319389
H91,label_permutation,external_lung,seed43,target_disjoint,7,2,0.09030204208401266
H91,label_permutation,external_lung,seed43,target_disjoint,7,3,-0.04254988741361898
H91,label_permutation,external_lung,seed43,target_disjoint,11,0,0.14993400108704097
H91,label_permutation,external_lung,seed43,target_disjoint,11,1,0.06483422625980267
H91,label_permutation,external_lung,seed43,target_disjoint,11,2,-0.07058001397624042
H91,label_permutation,external_lung,seed43,target_disjoint,11,3,-0.0729482102647721
H91,label_permutation,external_lung,seed44,source_disjoint,0,0,-0.06236469027166702
H91,label_permutation,external_lung,seed44,source_disjoint,0,1,0.029017389482505762
H91,label_permutation,external_lung,seed44,source_disjoint,0,2,0.08712200572665685
H91,label_permutation,external_lung,seed44,source_disjoint,0,3,0.05059710873664358
H91,label_permutation,external_lung,seed44,source_disjoint,3,0,-0.02940149451777363
H91,label_permutation,external_lung,seed44,source_disjoint,3,1,-0.06260912074865566
H91,label_permutation,external_lung,seed44,source_disjoint,3,2,-0.012012012012012019
H91,label_permutation,external_lung,seed44,source_disjoint,3,3,-0.024512884978001304
H91,label_permutation,external_lung,seed44,source_disjoint,7,0,0.11163489070465815
H91,label_permutation,external_lung,seed44,source_disjoint,7,1,0.007332914309658545
H91,label_permutation,external_lung,seed44,source_disjoint,7,2,0.05660311474264956
H91,label_permutation,external_lung,seed44,source_disjoint,7,3,-0.1201899573992598
H91,label_permutation,external_lung,seed44,source_disjoint,11,0,-0.011767581535023386
H91,label_permutation,external_lung,seed44,source_disjoint,11,1,-0.01096445282491787
H91,label_permutation,external_lung,seed44,source_disjoint,11,2,-0.05276206438997133
H91,label_permutation,external_lung,seed44,source_disjoint,11,3,-0.05070186465535309
H91,label_permutation,external_lung,seed44,target_disjoint,0,0,-0.02342543995060198
H91,label_permutation,external_lung,seed44,target_disjoint,0,1,-0.03226304414942888
H91,label_permutation,external_lung,seed44,target_disjoint,0,2,0.016748996603890065
H91,label_permutation,external_lung,seed44,target_disjoint,0,3,-0.0395569620253165
H91,label_permutation,external_lung,seed44,target_disjoint,3,0,-0.035118863846866244
H91,label_permutation,external_lung,seed44,target_disjoint,3,1,-0.01582278481012661
H91,label_permutation,external_lung,seed44,target_disjoint,3,2,0.0557270762581043
H91,label_permutation,external_lung,seed44,target_disjoint,3,3,-0.05121179376350715
H91,label_permutation,external_lung,seed44,target_disjoint,7,0,-0.01559123186168565
H91,label_permutation,external_lung,seed44,target_disjoint,7,1,0.10196048163013283
H91,label_permutation,external_lung,seed44,target_disjoint,7,2,-0.05152053102809506
H91,label_permutation,external_lung,seed44,target_disjoint,7,3,-0.06286662550169814
H91,label_permutation,external_lung,seed44,target_disjoint,11,0,-0.025933930225378155
H91,label_permutation,external_lung,seed44,target_disjoint,11,1,0.08872337141092934
H91,label_permutation,external_lung,seed44,target_disjoint,11,2,0.04600185242358751
H91,label_permutation,external_lung,seed44,target_disjoint,11,3,0.04638777400432231
H91,label_permutation,immune,seed42_main,source_disjoint,0,0,-0.08273148148148146
H91,label_permutation,immune,seed42_main,source_disjoint,0,1,-0.1058796296296296
H91,label_permutation,immune,seed42_main,source_disjoint,0,2,0.01375000000000004
H91,label_permutation,immune,seed42_main,source_disjoint,0,3,0.019722222222222308
H91,label_permutation,immune,seed42_main,source_disjoint,3,0,-0.02347222222222234
H91,label_permutation,immune,seed42_main,source_disjoint,3,1,-0.006805555555555565
H91,label_permutation,immune,seed42_main,source_disjoint,3,2,-0.024259259259259314
H91,label_permutation,immune,seed42_main,source_disjoint,3,3,-0.004814814814814827
H91,label_permutation,immune,seed42_main,source_disjoint,7,0,-0.07407407407407407
H91,label_permutation,immune,seed42_main,source_disjoint,7,1,0.035231481481481475
H91,label_permutation,immune,seed42_main,source_disjoint,7,2,-0.003055555555555589
H91,label_permutation,immune,seed42_main,source_disjoint,7,3,0.05472222222222223
H91,label_permutation,immune,seed42_main,source_disjoint,11,0,0.061203703703703705
H91,label_permutation,immune,seed42_main,source_disjoint,11,1,-0.03296296296296297
H91,label_permutation,immune,seed42_main,source_disjoint,11,2,-0.008055555555555483
H91,label_permutation,immune,seed42_main,source_disjoint,11,3,0.008333333333333304
H91,label_permutation,immune,seed42_main,target_disjoint,0,0,-0.04453703703703693
H91,label_permutation,immune,seed42_main,target_disjoint,0,1,0.00912037037037039
H91,label_permutation,immune,seed42_main,target_disjoint,0,2,-0.02722222222222226
H91,label_permutation,immune,seed42_main,target_disjoint,0,3,-0.009953703703703742
H91,label_permutation,immune,seed42_main,target_disjoint,3,0,-0.02300925925925934
H91,label_permutation,immune,seed42_main,target_disjoint,3,1,-0.03388888888888886
H91,label_permutation,immune,seed42_main,target_disjoint,3,2,-0.04930555555555549
H91,label_permutation,immune,seed42_main,target_disjoint,3,3,-0.011250000000000093
H91,label_permutation,immune,seed42_main,target_disjoint,7,0,-0.06324074074074082
H91,label_permutation,immune,seed42_main,target_disjoint,7,1,-0.032314814814814796
H91,label_permutation,immune,seed42_main,target_disjoint,7,2,-0.053240740740740755
H91,label_permutation,immune,seed42_main,target_disjoint,7,3,0.0188888888888889
H91,label_permutation,immune,seed42_main,target_disjoint,11,0,0.10046296296296298
H91,label_permutation,immune,seed42_main,target_disjoint,11,1,-0.01620370370370383
H91,label_permutation,immune,seed42_main,target_disjoint,11,2,-0.02324074074074073
H91,label_permutation,immune,seed42_main,target_disjoint,11,3,0.04208333333333342
H91,label_permutation,immune,seed43,source_disjoint,0,0,0.03374851176847693
H91,label_permutation,immune,seed43,source_disjoint,0,1,-0.03397747046432831
H91,label_permutation,immune,seed43,source_disjoint,0,2,-0.056003297005220276
H91,label_permutation,immune,seed43,source_disjoint,0,3,0.023353786976829327
H91,label_permutation,immune,seed43,source_disjoint,3,0,-0.04739445004121262
H91,label_permutation,immune,seed43,source_disjoint,3,1,-0.035076472204414344
H91,label_permutation,immune,seed43,source_disjoint,3,2,-0.015065482187013424
H91,label_permutation,immune,seed43,source_disjoint,3,3,0.14094697316604088
H91,label_permutation,immune,seed43,source_disjoint,7,0,-0.03200842568000739
H91,label_permutation,immune,seed43,source_disjoint,7,1,-0.02921512959062178
H91,label_permutation,immune,seed43,source_disjoint,7,2,-0.028848795677259842
H91,label_permutation,immune,seed43,source_disjoint,7,3,0.015981316970418602
H91,label_permutation,immune,seed43,source_disjoint,11,0,-0.031138382635772455
H91,label_permutation,immune,seed43,source_disjoint,11,1,0.0187746130598041
H91,label_permutation,immune,seed43,source_disjoint,11,2,0.05215679091491893
H91,label_permutation,immune,seed43,source_disjoint,11,3,-0.034252220899349706
H91,label_permutation,immune,seed43,target_disjoint,0,0,-0.029169337851451482
H91,label_permutation,immune,seed43,target_disjoint,0,1,0.06017034526971338
H91,label_permutation,immune,seed43,target_disjoint,0,2,-0.04556278047440243
H91,label_permutation,immune,seed43,target_disjoint,0,3,0.09666636138840556
H91,label_permutation,immune,seed43,target_disjoint,3,0,-0.045333821778551164
H91,label_permutation,immune,seed43,target_disjoint,3,1,0.011356351314222857
H91,label_permutation,immune,seed43,target_disjoint,3,2,0.019415697408187604
H91,label_permutation,immune,seed43,target_disjoint,3,3,-0.06745123179778373
H91,label_permutation,immune,seed43,target_disjoint,7,0,0.04249473394999548
H91,label_permutation,immune,seed43,target_disjoint,7,1,-0.041487315688249926
H91,label_permutation,immune,seed43,target_disjoint,7,2,0.0018774613059805434
H91,label_permutation,immune,seed43,target_disjoint,7,3,-0.015248649143694448
H91,label_permutation,immune,seed43,target_disjoint,11,0,-0.08663797051012001
H91,label_permutation,immune,seed43,target_disjoint,11,1,-0.0381445187288213
H91,label_permutation,immune,seed43,target_disjoint,11,2,0.07633482919681289
H91,label_permutation,immune,seed43,target_disjoint,11,3,0.005449216961260217
H91,label_permutation,immune,seed44,source_disjoint,0,0,-0.03411484568183909
H91,label_permutation,immune,seed44,source_disjoint,0,1,-0.018316695668101457
H91,label_permutation,immune,seed44,source_disjoint,0,2,0.01859144610312291
H91,label_permutation,immune,seed44,source_disjoint,0,3,-0.030176756113197145
H91,label_permutation,immune,seed44,source_disjoint,3,0,0.019186738712336338
H91,label_permutation,immune,seed44,source_disjoint,3,1,-0.031413133070794186
H91,label_permutation,immune,seed44,source_disjoint,3,2,-0.030176756113197256
H91,label_permutation,immune,seed44,source_disjoint,3,3,-0.03919772872973715
H91,label_permutation,immune,seed44,source_disjoint,7,0,0.13778734316329339
H91,label_permutation,immune,seed44,source_disjoint,7,1,-0.005311841743749435
H91,label_permutation,immune,seed44,source_disjoint,7,2,0.17185639710596207
H91,label_permutation,immune,seed44,source_disjoint,7,3,0.06017034526971343
H91,label_permutation,immune,seed44,source_disjoint,11,0,-0.020743657844124908
H91,label_permutation,immune,seed44,source_disjoint,11,1,0.005266050004579248
H91,label_permutation,immune,seed44,source_disjoint,11,2,0.026879750892938925
H91,label_permutation,immune,seed44,source_disjoint,11,3,0.019553072625698387
H91,label_permutation,immune,seed44,target_disjoint,0,0,0.014374005056653205
H91,label_permutation,immune,seed44,target_disjoint,0,1,-0.03825264537878059
H91,label_permutation,immune,seed44,target_disjoint,0,2,0.06461279145987459
H91,label_permutation,immune,seed44,target_disjoint,0,3,-0.03586478134656823
H91,label_permutation,immune,seed44,target_disjoint,3,0,-0.01891562880419506
H91,label_permutation,immune,seed44,target_disjoint,3,1,0.11597527858413703
H91,label_permutation,immune,seed44,target_disjoint,3,2,-0.02659425039797736
H91,label_permutation,immune,seed44,target_disjoint,3,3,-0.028654368386552997
H91,label_permutation,immune,seed44,target_disjoint,7,0,-0.04373068639385713
H91,label_permutation,immune,seed44,target_disjoint,7,1,-0.044620282798014776
H91,label_permutation,immune,seed44,target_disjoint,7,2,0.03970409214345921
H91,label_permutation,immune,seed44,target_disjoint,7,3,-0.05449948497050289
H91,label_permutation,immune,seed44,target_disjoint,11,0,-0.08277928645004218
H91,label_permutation,immune,seed44,target_disjoint,11,1,-0.07416424758872553
H91,label_permutation,immune,seed44,target_disjoint,11,2,-0.052392546118550376
H91,label_permutation,immune,seed44,target_disjoint,11,3,-0.004494802884165039
H91,label_permutation,lung,seed42_main,source_disjoint,0,0,-0.029897909577054016
H91,label_permutation,lung,seed42_main,source_disjoint,0,1,-0.027640808389471472
H91,label_permutation,lung,seed42_main,source_disjoint,0,2,-0.03253698173484271
H91,label_permutation,lung,seed42_main,source_disjoint,0,3,0.09559691645253143
H91,label_permutation,lung,seed42_main,source_disjoint,3,0,0.013264810056253962
H91,label_permutation,lung,seed42_main,source_disjoint,3,1,0.02455031599416624
H91,label_permutation,lung,seed42_main,source_disjoint,3,2,-0.05430932703659974
H91,label_permutation,lung,seed42_main,source_disjoint,3,3,-0.02149454823251612
H91,label_permutation,lung,seed42_main,source_disjoint,7,0,0.02319605528161678
H91,label_permutation,lung,seed42_main,source_disjoint,7,1,-0.08004028057503992
H91,label_permutation,lung,seed42_main,source_disjoint,7,2,0.03465518438780468
H91,label_permutation,lung,seed42_main,source_disjoint,7,3,-0.08629071463296062
H91,label_permutation,lung,seed42_main,source_disjoint,11,0,-0.05399680533370366
H91,label_permutation,lung,seed42_main,source_disjoint,11,1,-0.0017362316827557178
H91,label_permutation,lung,seed42_main,source_disjoint,11,2,-0.049100631988332366
H91,label_permutation,lung,seed42_main,source_disjoint,11,3,-0.09847906104590598
H91,label_permutation,lung,seed42_main,target_disjoint,0,0,-0.03639846743295011
H91,label_permutation,lung,seed42_main,target_disjoint,0,1,0.01611449177372104
H91,label_permutation,lung,seed42_main,target_disjoint,0,2,-0.03482082488167704
H91,label_permutation,lung,seed42_main,target_disjoint,0,3,0.011832319134550406
H91,label_permutation,lung,seed42_main,target_disjoint,3,0,-0.027496055893621807
H91,label_permutation,lung,seed42_main,target_disjoint,3,1,-0.005484186011569414
H91,label_permutation,lung,seed42_main,target_disjoint,3,2,-0.04007963338592152
H91,label_permutation,lung,seed42_main,target_disjoint,3,3,0.0455262564796034
H91,label_permutation,lung,seed42_main,target_disjoint,7,0,-0.015250544662309462
H91,label_permutation,lung,seed42_main,target_disjoint,7,1,-0.09999248741642253
H91,label_permutation,lung,seed42_main,target_disjoint,7,2,-0.00281721884155961
H91,label_permutation,lung,seed42_main,target_disjoint,7,3,-0.05281346254977076
H91,label_permutation,lung,seed42_main,target_disjoint,11,0,-0.0008639471114115782
H91,label_permutation,lung,seed42_main,target_disjoint,11,1,0.01855608143640608
H91,label_permutation,lung,seed42_main,target_disjoint,11,2,0.06851476222672975
H91,label_permutation,lung,seed42_main,target_disjoint,11,3,0.049695740365111596
H91,label_permutation,lung,seed43,source_disjoint,0,0,0.09340926453225917
H91,label_permutation,lung,seed43,source_disjoint,0,1,0.04555871935551081
H91,label_permutation,lung,seed43,source_disjoint,0,2,0.1464685047572748
H91,label_permutation,lung,seed43,source_disjoint,0,3,0.0071532745329536684
H91,label_permutation,lung,seed43,source_disjoint,3,0,-0.005069796513646918
H91,label_permutation,lung,seed43,source_disjoint,3,1,-0.02236266407389398
H91,label_permutation,lung,seed43,source_disjoint,3,2,0.17772067504687827
H91,label_permutation,lung,seed43,source_disjoint,3,3,0.111188276963678
H91,label_permutation,lung,seed43,source_disjoint,7,0,0.0020834780193069724
H91,label_permutation,lung,seed43,source_disjoint,7,1,0.056392805055906714
H91,label_permutation,lung,seed43,source_disjoint,7,2,-0.033162025140634765
H91,label_permutation,lung,seed43,source_disjoint,7,3,-0.005243419681922323
H91,label_permutation,lung,seed43,source_disjoint,11,0,0.06354607958886027
H91,label_permutation,lung,seed43,source_disjoint,11,1,-0.03791929995138554
H91,label_permutation,lung,seed43,source_disjoint,11,2,-0.014966317105354676
H91,label_permutation,lung,seed43,source_disjoint,11,3,0.015487186610181336
H91,label_permutation,lung,seed43,target_disjoint,0,0,0.014086137696819878
H91,label_permutation,lung,seed43,target_disjoint,0,1,0.09354739117011429
H91,label_permutation,lung,seed43,target_disjoint,0,2,0.05372028403828333
H91,label_permutation,lung,seed43,target_disjoint,0,3,0.006753627662858919
H91,label_permutation,lung,seed43,target_disjoint,3,0,-0.02323247916023452
H91,label_permutation,lung,seed43,target_disjoint,3,1,-0.015784192652052997
H91,label_permutation,lung,seed43,target_disjoint,3,2,-0.04187249150972533
H91,label_permutation,lung,seed43,target_disjoint,3,3,-0.07386539055263969
H91,label_permutation,lung,seed43,target_disjoint,7,0,0.012735412164248339
H91,label_permutation,lung,seed43,target_disjoint,7,1,-0.03978851497375724
H91,label_permutation,lung,seed43,target_disjoint,7,2,-0.017289286816918714
H91,label_permutation,lung,seed43,target_disjoint,7,3,0.022344859524544625
H91,label_permutation,lung,seed43,target_disjoint,11,0,-0.04507564062982394
H91,label_permutation,lung,seed43,target_disjoint,11,1,-0.030256251929607902
H91,label_permutation,lung,seed43,target_disjoint,11,2,-0.10601265822784817
H91,label_permutation,lung,seed43,target_disjoint,11,3,0.007834208088916328
H91,label_permutation,lung,seed44,source_disjoint,0,0,-0.008023061961656086
H91,label_permutation,lung,seed44,source_disjoint,0,1,-0.04459572103362042
H91,label_permutation,lung,seed44,source_disjoint,0,2,0.037892470130591716
H91,label_permutation,lung,seed44,source_disjoint,0,3,0.05914837454848576
H91,label_permutation,lung,seed44,source_disjoint,3,0,0.022054737427063098
H91,label_permutation,lung,seed44,source_disjoint,3,1,-0.018755209780494497
H91,label_permutation,lung,seed44,source_disjoint,3,2,-0.05803695470964154
H91,label_permutation,lung,seed44,source_disjoint,3,3,-0.027021394831897805
H91,label_permutation,lung,seed44,source_disjoint,7,0,-0.03417616004445678
H91,label_permutation,lung,seed44,source_disjoint,7,1,0.0036468463462071554
H91,label_permutation,lung,seed44,source_disjoint,7,2,-0.05664767991108649
H91,label_permutation,lung,seed44,source_disjoint,7,3,0.02375659905529315
H91,label_permutation,lung,seed44,source_disjoint,11,0,-0.00020839121978322162
H91,label_permutation,lung,seed44,source_disjoint,11,1,-0.04490830786329536
H91,label_permutation,lung,seed44,source_disjoint,11,2,-0.06296888024451236
H91,label_permutation,lung,seed44,source_disjoint,11,3,-0.055605723812169994
H91,label_permutation,lung,seed44,target_disjoint,0,0,-0.010968372023138606
H91,label_permutation,lung,seed44,target_disjoint,0,1,-0.011344001202013398
H91,label_permutation,lung,seed44,target_disjoint,0,2,-0.028923446773345296
H91,label_permutation,lung,seed44,target_disjoint,0,3,-0.072684246112238
H91,label_permutation,lung,seed44,target_disjoint,3,0,-0.03703703703703698
H91,label_permutation,lung,seed44,target_disjoint,3,1,-0.07655322665464642
H91,label_permutation,lung,seed44,target_disjoint,3,2,-0.014311471715122925
H91,label_permutation,lung,seed44,target_disjoint,3,3,-0.003681165952971188
H91,label_permutation,lung,seed44,target_disjoint,7,0,-0.017579445571331953
H91,label_permutation,lung,seed44,target_disjoint,7,1,-0.03482082488167676
H91,label_permutation,lung,seed44,target_disjoint,7,2,-0.0036811659529712992
H91,label_permutation,lung,seed44,target_disjoint,7,3,0.009127789046653123
H91,label_permutation,lung,seed44,target_disjoint,11,0,-0.023063631582901256
H91,label_permutation,lung,seed44,target_disjoint,11,1,0.12512207948313425
H91,label_permutation,lung,seed44,target_disjoint,11,2,0.029299075952219866
H91,label_permutation,lung,seed44,target_disjoint,11,3,0.06637367590714438
H91,random_feature_subset_control,external_lung,seed42_main,source_disjoint,0,0,-0.004521739130434743
H91,random_feature_subset_control,external_lung,seed42_main,source_disjoint,0,1,6.956521739132082e-05
H91,random_feature_subset_control,external_lung,seed42_main,source_disjoint,0,2,-0.013356521739130489
H91,random_feature_subset_control,external_lung,seed42_main,source_disjoint,0,3,-6.956521739132082e-05
H91,random_feature_subset_control,external_lung,seed42_main,source_disjoint,3,0,-0.004591304347825953
H91,random_feature_subset_control,external_lung,seed42_main,source_disjoint,3,1,-0.0017391304347825765
H91,random_feature_subset_control,external_lung,seed42_main,source_disjoint,3,2,-0.001182608695652121
H91,random_feature_subset_control,external_lung,seed42_main,source_disjoint,3,3,-0.003408695652173832
H91,random_feature_subset_control,external_lung,seed42_main,source_disjoint,7,0,0.04594782608695647
H91,random_feature_subset_control,external_lung,seed42_main,source_disjoint,7,1,0.10347826086956513
H91,random_feature_subset_control,external_lung,seed42_main,source_disjoint,7,2,0.10121739130434781
H91,random_feature_subset_control,external_lung,seed42_main,source_disjoint,7,3,0.050086956521739
H91,random_feature_subset_control,external_lung,seed42_main,source_disjoint,11,0,0.01975652173913045
H91,random_feature_subset_control,external_lung,seed42_main,source_disjoint,11,1,0.0445913043478261
H91,random_feature_subset_control,external_lung,seed42_main,source_disjoint,11,2,0.05711304347826085
H91,random_feature_subset_control,external_lung,seed42_main,source_disjoint,11,3,0.10166956521739134
H91,random_feature_subset_control,external_lung,seed42_main,target_disjoint,0,0,0.006755182855811781
H91,random_feature_subset_control,external_lung,seed42_main,target_disjoint,0,1,-0.006910474415715462
H91,random_feature_subset_control,external_lung,seed42_main,target_disjoint,0,2,-0.0045811010171598054
H91,random_feature_subset_control,external_lung,seed42_main,target_disjoint,0,3,-0.0017082071589409331
H91,random_feature_subset_control,external_lung,seed42_main,target_disjoint,3,0,0.022594921965991
H91,random_feature_subset_control,external_lung,seed42_main,target_disjoint,3,1,0.048450966689960406
H91,random_feature_subset_control,external_lung,seed42_main,target_disjoint,3,2,0.02655485674353586
H91,random_feature_subset_control,external_lung,seed42_main,target_disjoint,3,3,0.009006910474415708
H91,random_feature_subset_control,external_lung,seed42_main,target_disjoint,7,0,0.0059010792763413145
H91,random_feature_subset_control,external_lung,seed42_main,target_disjoint,7,1,0.00411522633744843
H91,random_feature_subset_control,external_lung,seed42_main,target_disjoint,7,2,-0.00023293733985552123
H91,random_feature_subset_control,external_lung,seed42_main,target_disjoint,7,3,-0.001863498718844614
H91,random_feature_subset_control,external_lung,seed42_main,target_disjoint,11,0,0.07430701141392959
H91,random_feature_subset_control,external_lung,seed42_main,target_disjoint,11,1,-0.003028185418122553
H91,random_feature_subset_control,external_lung,seed42_main,target_disjoint,11,2,0.08750679400574568
H91,random_feature_subset_control,external_lung,seed42_main,target_disjoint,11,3,0.030126562621321518
H91,random_feature_subset_control,external_lung,seed43,source_disjoint,0,0,0.05318409343715236
H91,random_feature_subset_control,external_lung,seed43,source_disjoint,0,1,0.0024332591768632117
H91,random_feature_subset_control,external_lung,seed43,source_disjoint,0,2,-0.006535038932146797
H91,random_feature_subset_control,external_lung,seed43,source_disjoint,0,3,0.013209121245828737
H91,random_feature_subset_control,external_lung,seed43,source_disjoint,3,0,-0.0006256952169075847
H91,random_feature_subset_control,external_lung,seed43,source_disjoint,3,1,-0.002572302558398132
H91,random_feature_subset_control,external_lung,seed43,source_disjoint,3,2,0.02030033370411577
H91,random_feature_subset_control,external_lung,seed43,source_disjoint,3,3,-0.009524471635150134
H91,random_feature_subset_control,external_lung,seed43,source_disjoint,7,0,-0.0009733036707453291
H91,random_feature_subset_control,external_lung,seed43,source_disjoint,7,1,-0.007160734149054604
H91,random_feature_subset_control,external_lung,seed43,source_disjoint,7,2,0.013417686318131228
H91,random_feature_subset_control,external_lung,seed43,source_disjoint,7,3,-6.952169076768211e-05
H91,random_feature_subset_control,external_lung,seed43,source_disjoint,11,0,0.02016129032258085
H91,random_feature_subset_control,external_lung,seed43,source_disjoint,11,1,0.00020856507230260224
H91,random_feature_subset_control,external_lung,seed43,source_disjoint,11,2,0.026557285873192504
H91,random_feature_subset_control,external_lung,seed43,source_disjoint,11,3,-0.0038932146829810943
H91,random_feature_subset_control,external_lung,seed43,target_disjoint,0,0,-0.005745787716437745
H91,random_feature_subset_control,external_lung,seed43,target_disjoint,0,1,-0.006366953956052579
H91,random_feature_subset_control,external_lung,seed43,target_disjoint,0,2,-7.764577995206245e-05
H91,random_feature_subset_control,external_lung,seed43,target_disjoint,0,3,-0.0028728938582188723
H91,random_feature_subset_control,external_lung,seed43,target_disjoint,3,0,-0.001514092709061221
H91,random_feature_subset_control,external_lung,seed43,target_disjoint,3,1,-0.008968087584439899
H91,random_feature_subset_control,external_lung,seed43,target_disjoint,3,2,-0.0025234878484354795
H91,random_feature_subset_control,external_lung,seed43,target_disjoint,3,3,-3.882288997603123e-05
H91,random_feature_subset_control,external_lung,seed43,target_disjoint,7,0,-0.0031058311980742825
H91,random_feature_subset_control,external_lung,seed43,target_disjoint,7,1,0.007531640655330518
H91,random_feature_subset_control,external_lung,seed43,target_disjoint,7,2,0.033310039599347974
H91,random_feature_subset_control,external_lung,seed43,target_disjoint,7,3,0.0017082071589410441
H91,random_feature_subset_control,external_lung,seed43,target_disjoint,11,0,-0.00652224551595626
H91,random_feature_subset_control,external_lung,seed43,target_disjoint,11,1,-0.0040375805574968116
H91,random_feature_subset_control,external_lung,seed43,target_disjoint,11,2,-0.003028185418122664
H91,random_feature_subset_control,external_lung,seed43,target_disjoint,11,3,-0.004192872117400492
H91,random_feature_subset_control,external_lung,seed44,source_disjoint,0,0,0.002234792932467422
H91,random_feature_subset_control,external_lung,seed44,source_disjoint,0,1,0.07123402472239682
H91,random_feature_subset_control,external_lung,seed44,source_disjoint,0,2,-0.0016062574202109214
H91,random_feature_subset_control,external_lung,seed44,source_disjoint,0,3,0.0028633284447237006
H91,random_feature_subset_control,external_lung,seed44,source_disjoint,3,0,0.019484600879949632
H91,random_feature_subset_control,external_lung,seed44,source_disjoint,3,1,0.026468328793910145
H91,random_feature_subset_control,external_lung,seed44,source_disjoint,3,2,0.0034220266778407504
H91,random_feature_subset_control,external_lung,seed44,source_disjoint,3,3,-0.009009009009008917
H91,random_feature_subset_control,external_lung,seed44,source_disjoint,7,0,-0.002723653886444466
H91,random_feature_subset_control,external_lung,seed44,source_disjoint,7,1,0.009009009009009028
H91,random_feature_subset_control,external_lung,seed44,source_disjoint,7,2,-0.0056568196103079504
H91,random_feature_subset_control,external_lung,seed44,source_disjoint,7,3,0.011732662895453494
H91,random_feature_subset_control,external_lung,seed44,source_disjoint,11,0,0.023535163070046883
H91,random_feature_subset_control,external_lung,seed44,source_disjoint,11,1,-0.005237795935470135
H91,random_feature_subset_control,external_lung,seed44,source_disjoint,11,2,0.08541099238773653
H91,random_feature_subset_control,external_lung,seed44,source_disjoint,11,3,-0.0029331657238632625
H91,random_feature_subset_control,external_lung,seed44,target_disjoint,0,0,0.0011577647422044146
H91,random_feature_subset_control,external_lung,seed44,target_disjoint,0,1,0.07278481012658233
H91,random_feature_subset_control,external_lung,seed44,target_disjoint,0,2,0.004553874652670764
H91,random_feature_subset_control,external_lung,seed44,target_disjoint,0,3,0.00015436863229389974
H91,random_feature_subset_control,external_lung,seed44,target_disjoint,3,0,-0.0010033961099102928
H91,random_feature_subset_control,external_lung,seed44,target_disjoint,3,1,0.04553874652670575
H91,random_feature_subset_control,external_lung,seed44,target_disjoint,3,2,0.0005402902130287046
H91,random_feature_subset_control,external_lung,seed44,target_disjoint,3,3,0.006251929607903772
H91,random_feature_subset_control,external_lung,seed44,target_disjoint,7,0,0.008027168879283897
H91,random_feature_subset_control,external_lung,seed44,target_disjoint,7,1,0.011268910157456125
H91,random_feature_subset_control,external_lung,seed44,target_disjoint,7,2,0.007409694350108298
H91,random_feature_subset_control,external_lung,seed44,target_disjoint,7,3,0.07239888854584764
H91,random_feature_subset_control,external_lung,seed44,target_disjoint,11,0,0.08891633220129669
H91,random_feature_subset_control,external_lung,seed44,target_disjoint,11,1,0.006174745291756656
H91,random_feature_subset_control,external_lung,seed44,target_disjoint,11,2,0.08413090460018535
H91,random_feature_subset_control,external_lung,seed44,target_disjoint,11,3,0.0904600185242358
H91,random_feature_subset_control,immune,seed42_main,source_disjoint,0,0,0.008703703703703658
H91,random_feature_subset_control,immune,seed42_main,source_disjoint,0,1,0.04759259259259263
H91,random_feature_subset_control,immune,seed42_main,source_disjoint,0,2,0.0009259259259258856
H91,random_feature_subset_control,immune,seed42_main,source_disjoint,0,3,0.006203703703703711
H91,random_feature_subset_control,immune,seed42_main,source_disjoint,3,0,-0.04055555555555557
H91,random_feature_subset_control,immune,seed42_main,source_disjoint,3,1,-0.02648148148148155
H91,random_feature_subset_control,immune,seed42_main,source_disjoint,3,2,-0.02157407407407408
H91,random_feature_subset_control,immune,seed42_main,source_disjoint,3,3,0.10199074074074066
H91,random_feature_subset_control,immune,seed42_main,source_disjoint,7,0,0.03138888888888891
H91,random_feature_subset_control,immune,seed42_main,source_disjoint,7,1,-0.016574074074074074
H91,random_feature_subset_control,immune,seed42_main,source_disjoint,7,2,0.02069444444444446
H91,random_feature_subset_control,immune,seed42_main,source_disjoint,7,3,-0.004074074074074119
H91,random_feature_subset_control,immune,seed42_main,source_disjoint,11,0,-0.0023148148148148806
H91,random_feature_subset_control,immune,seed42_main,source_disjoint,11,1,0.06555555555555526
H91,random_feature_subset_control,immune,seed42_main,source_disjoint,11,2,0.09592592592592586
H91,random_feature_subset_control,immune,seed42_main,source_disjoint,11,3,0.09379629629629627
H91,random_feature_subset_control,immune,seed42_main,target_disjoint,0,0,0.019444444444444375
H91,random_feature_subset_control,immune,seed42_main,target_disjoint,0,1,0.01648148148148143
H91,random_feature_subset_control,immune,seed42_main,target_disjoint,0,2,-0.0011111111111111738
H91,random_feature_subset_control,immune,seed42_main,target_disjoint,0,3,0.028611111111111143
H91,random_feature_subset_control,immune,seed42_main,target_disjoint,3,0,0.006851851851851887
H91,random_feature_subset_control,immune,seed42_main,target_disjoint,3,1,-0.0095370370370369
H91,random_feature_subset_control,immune,seed42_main,target_disjoint,3,2,0.045925925925925926
H91,random_feature_subset_control,immune,seed42_main,target_disjoint,3,3,-0.005370370370370248
H91,random_feature_subset_control,immune,seed42_main,target_disjoint,7,0,0.03240740740740755
H91,random_feature_subset_control,immune,seed42_main,target_disjoint,7,1,0.026574074074074083
H91,random_feature_subset_control,immune,seed42_main,target_disjoint,7,2,-0.0023148148148148806
H91,random_feature_subset_control,immune,seed42_main,target_disjoint,7,3,0.028888888888888964
H91,random_feature_subset_control,immune,seed42_main,target_disjoint,11,0,0.062407407407407356
H91,random_feature_subset_control,immune,seed42_main,target_disjoint,11,1,0.05046296296296282
H91,random_feature_subset_control,immune,seed42_main,target_disjoint,11,2,0.057962962962962994
H91,random_feature_subset_control,immune,seed42_main,target_disjoint,11,3,0.003240740740740655
H91,random_feature_subset_control,immune,seed43,source_disjoint,0,0,0.08160087920139203
H91,random_feature_subset_control,immune,seed43,source_disjoint,0,1,0.005403425222090141
H91,random_feature_subset_control,immune,seed43,source_disjoint,0,2,0.07546478615257812
H91,random_feature_subset_control,immune,seed43,source_disjoint,0,3,0.05742284091949812
H91,random_feature_subset_control,immune,seed43,source_disjoint,3,0,0.02399487132521294
H91,random_feature_subset_control,immune,seed43,source_disjoint,3,1,0.08846964007693014
H91,random_feature_subset_control,immune,seed43,source_disjoint,3,2,0.032786885245901676
H91,random_feature_subset_control,immune,seed43,source_disjoint,3,3,0.08755380529352508
H91,random_feature_subset_control,immune,seed43,source_disjoint,7,0,0.002564337393534233
H91,random_feature_subset_control,immune,seed43,source_disjoint,7,1,-0.008975180877369815
H91,random_feature_subset_control,immune,seed43,source_disjoint,7,2,0.058888176572946205
H91,random_feature_subset_control,immune,seed43,source_disjoint,7,3,-0.008059346093964637
H91,random_feature_subset_control,immune,seed43,source_disjoint,11,0,0.002930671306896282
H91,random_feature_subset_control,immune,seed43,source_disjoint,11,1,-0.010532100009158385
H91,random_feature_subset_control,immune,seed43,source_disjoint,11,2,0.0021980034801720727
H91,random_feature_subset_control,immune,seed43,source_disjoint,11,3,0.003480172176939189
H91,random_feature_subset_control,immune,seed43,target_disjoint,0,0,0.05128674787068421
H91,random_feature_subset_control,immune,seed43,target_disjoint,0,1,0.027795585676343992
H91,random_feature_subset_control,immune,seed43,target_disjoint,0,2,0.0008242513050646938
H91,random_feature_subset_control,immune,seed43,target_disjoint,0,3,-0.010898433922520323
H91,random_feature_subset_control,immune,seed43,target_disjoint,3,0,0.06300943309826901
H91,random_feature_subset_control,immune,seed43,target_disjoint,3,1,0.07326678267240583
H91,random_feature_subset_control,immune,seed43,target_disjoint,3,2,0.06090301309643742
H91,random_feature_subset_control,immune,seed43,target_disjoint,3,3,-0.0045791739170253365
H91,random_feature_subset_control,immune,seed43,target_disjoint,7,0,-0.00174008608846965
H91,random_feature_subset_control,immune,seed43,target_disjoint,7,1,0.05302683395915375
H91,random_feature_subset_control,immune,seed43,target_disjoint,7,2,-0.006777177397197631
H91,random_feature_subset_control,immune,seed43,target_disjoint,7,3,0.05133253960985429
H91,random_feature_subset_control,immune,seed43,target_disjoint,11,0,-0.0002747504350215646
H91,random_feature_subset_control,immune,seed43,target_disjoint,11,1,-0.020239948713252076
H91,random_feature_subset_control,immune,seed43,target_disjoint,11,2,0.11145709314039753
H91,random_feature_subset_control,immune,seed43,target_disjoint,11,3,-0.014928106969502752
H91,random_feature_subset_control,immune,seed44,source_disjoint,0,0,0.03287846872424194
H91,random_feature_subset_control,immune,seed44,source_disjoint,0,1,0.016118692187929162
H91,random_feature_subset_control,immune,seed44,source_disjoint,0,2,0.03306163568092313
H91,random_feature_subset_control,immune,seed44,source_disjoint,0,3,0.06420001831669564
H91,random_feature_subset_control,immune,seed44,source_disjoint,3,0,0.0339774704643282
H91,random_feature_subset_control,immune,seed44,source_disjoint,3,1,0.0685960252770399
H91,random_feature_subset_control,immune,seed44,source_disjoint,3,2,0.06841285832035882
H91,random_feature_subset_control,immune,seed44,source_disjoint,3,3,0.07235094788900076
H91,random_feature_subset_control,immune,seed44,source_disjoint,7,0,0.008242513050645717
H91,random_feature_subset_control,immune,seed44,source_disjoint,7,1,0.011447934792563452
H91,random_feature_subset_control,immune,seed44,source_disjoint,7,2,0.09332356442897705
H91,random_feature_subset_control,immune,seed44,source_disjoint,7,3,0.0018316695668100236
H91,random_feature_subset_control,immune,seed44,source_disjoint,11,0,0.09085081051378341
H91,random_feature_subset_control,immune,seed44,source_disjoint,11,1,0.005586592178770999
H91,random_feature_subset_control,immune,seed44,source_disjoint,11,2,0.06575693744848432
H91,random_feature_subset_control,immune,seed44,source_disjoint,11,3,0.011631101749244421
H91,random_feature_subset_control,immune,seed44,target_disjoint,0,0,0.002153759715329162
H91,random_feature_subset_control,immune,seed44,target_disjoint,0,1,0.0011237007210412875
H91,random_feature_subset_control,immune,seed44,target_disjoint,0,2,0.004963011517932436
H91,random_feature_subset_control,immune,seed44,target_disjoint,0,3,0.0011237007210412875
H91,random_feature_subset_control,immune,seed44,target_disjoint,3,0,0.007210412960015011
H91,random_feature_subset_control,immune,seed44,target_disjoint,3,1,0.00149826762805505
H91,random_feature_subset_control,immune,seed44,target_disjoint,3,2,0.06554920872740888
H91,random_feature_subset_control,immune,seed44,target_disjoint,3,3,0.005899428785466787
H91,random_feature_subset_control,immune,seed44,target_disjoint,7,0,0.03446015544526626
H91,random_feature_subset_control,immune,seed44,target_disjoint,7,1,-0.008006367637419243
H91,random_feature_subset_control,immune,seed44,target_disjoint,7,2,0.0011237007210413985
H91,random_feature_subset_control,immune,seed44,target_disjoint,7,3,-0.009738739582357936
H91,random_feature_subset_control,immune,seed44,target_disjoint,11,0,-0.0023878640322126943
H91,random_feature_subset_control,immune,seed44,target_disjoint,11,1,0.08975559509317366
H91,random_feature_subset_control,immune,seed44,target_disjoint,11,2,0.08132783968536395
H91,random_feature_subset_control,immune,seed44,target_disjoint,11,3,0.08455847925835758
H91,random_feature_subset_control,lung,seed42_main,source_disjoint,0,0,-0.00020834780193068614
H91,random_feature_subset_control,lung,seed42_main,source_disjoint,0,1,-0.003403014098201318
H91,random_feature_subset_control,lung,seed42_main,source_disjoint,0,2,-0.007569970136815152
H91,random_feature_subset_control,lung,seed42_main,source_disjoint,0,3,-0.019237447044933687
H91,random_feature_subset_control,lung,seed42_main,source_disjoint,3,0,-0.0047225501770955525
H91,random_feature_subset_control,lung,seed42_main,source_disjoint,3,1,-0.020348635321897346
H91,random_feature_subset_control,lung,seed42_main,source_disjoint,3,2,0.0029863184943398347
H91,random_feature_subset_control,lung,seed42_main,source_disjoint,3,3,-0.00972289742343213
H91,random_feature_subset_control,lung,seed42_main,source_disjoint,7,0,0.00020834780193079716
H91,random_feature_subset_control,lung,seed42_main,source_disjoint,7,1,-0.007847767206055845
H91,random_feature_subset_control,lung,seed42_main,source_disjoint,7,2,0.007847767206056067
H91,random_feature_subset_control,lung,seed42_main,source_disjoint,7,3,-0.006250434057920695
H91,random_feature_subset_control,lung,seed42_main,source_disjoint,11,0,0.009097854017640183
H91,random_feature_subset_control,lung,seed42_main,source_disjoint,11,1,0.10611848045003125
H91,random_feature_subset_control,lung,seed42_main,source_disjoint,11,2,0.0025696228904785734
H91,random_feature_subset_control,lung,seed42_main,source_disjoint,11,3,0.11653587054656567
H91,random_feature_subset_control,lung,seed42_main,target_disjoint,0,0,-0.010066861993839549
H91,random_feature_subset_control,lung,seed42_main,target_disjoint,0,1,0.08293892269551506
H91,random_feature_subset_control,lung,seed42_main,target_disjoint,0,2,-0.005784689354669137
H91,random_feature_subset_control,lung,seed42_main,target_disjoint,0,3,-0.008414093606791462
H91,random_feature_subset_control,lung,seed42_main,target_disjoint,3,0,0.02253775073247688
H91,random_feature_subset_control,lung,seed42_main,target_disjoint,3,1,-0.007061828562842765
H91,random_feature_subset_control,lung,seed42_main,target_disjoint,3,2,-0.001953271730148032
H91,random_feature_subset_control,lung,seed42_main,target_disjoint,3,3,-0.011118623694688634
H91,random_feature_subset_control,lung,seed42_main,target_disjoint,7,0,-0.01697843888513262
H91,random_feature_subset_control,lung,seed42_main,target_disjoint,7,1,0.02539253249192397
H91,random_feature_subset_control,lung,seed42_main,target_disjoint,7,2,-0.02178649237472774
H91,random_feature_subset_control,lung,seed42_main,target_disjoint,7,3,-0.022312373225152227
H91,random_feature_subset_control,lung,seed42_main,target_disjoint,11,0,0.004357298474945481
H91,random_feature_subset_control,lung,seed42_main,target_disjoint,11,1,0.03914056043873482
H91,random_feature_subset_control,lung,seed42_main,target_disjoint,11,2,0.0020283975659228792
H91,random_feature_subset_control,lung,seed42_main,target_disjoint,11,3,0.007437457741717335
H91,random_feature_subset_control,lung,seed43,source_disjoint,0,0,-0.030002083478019248
H91,random_feature_subset_control,lung,seed43,source_disjoint,0,1,0.05458712410584077
H91,random_feature_subset_control,lung,seed43,source_disjoint,0,2,-0.03437738731856366
H91,random_feature_subset_control,lung,seed43,source_disjoint,0,3,-0.013959302729356193
H91,random_feature_subset_control,lung,seed43,source_disjoint,3,0,-0.028682547399125013
H91,random_feature_subset_control,lung,seed43,source_disjoint,3,1,-0.04229460379193006
H91,random_feature_subset_control,lung,seed43,source_disjoint,3,2,-0.042086255989999266
H91,random_feature_subset_control,lung,seed43,source_disjoint,3,3,0.016181679283283512
H91,random_feature_subset_control,lung,seed43,source_disjoint,7,0,0.08986735189943751
H91,random_feature_subset_control,lung,seed43,source_disjoint,7,1,-0.0015278838808251427
H91,random_feature_subset_control,lung,seed43,source_disjoint,7,2,-0.019862490450725745
H91,random_feature_subset_control,lung,seed43,source_disjoint,7,3,0.08549204805889299
H91,random_feature_subset_control,lung,seed43,source_disjoint,11,0,0.036252517535940054
H91,random_feature_subset_control,lung,seed43,source_disjoint,11,1,-0.0035419126328215533
H91,random_feature_subset_control,lung,seed43,source_disjoint,11,2,0.04257240086117098
H91,random_feature_subset_control,lung,seed43,source_disjoint,11,3,-0.006597680394471839
H91,random_feature_subset_control,lung,seed43,target_disjoint,0,0,0.05356591540598954
H91,random_feature_subset_control,lung,seed43,target_disjoint,0,1,0.02979314603272598
H91,random_feature_subset_control,lung,seed43,target_disjoint,0,2,-0.002701451065143634
H91,random_feature_subset_control,lung,seed43,target_disjoint,0,3,0.004785427601111447
H91,random_feature_subset_control,lung,seed43,target_disjoint,3,0,0.04785427601111458
H91,random_feature_subset_control,lung,seed43,target_disjoint,3,1,-0.003087372645878328
H91,random_feature_subset_control,lung,seed43,target_disjoint,3,2,-0.0032417412781722277
H91,random_feature_subset_control,lung,seed43,target_disjoint,3,3,-0.004939796233405347
H91,random_feature_subset_control,lung,seed43,target_disjoint,7,0,0.05646032726150041
H91,random_feature_subset_control,lung,seed43,target_disjoint,7,1,-0.002662858907070187
H91,random_feature_subset_control,lung,seed43,target_disjoint,7,2,-0.004206545230009295
H91,random_feature_subset_control,lung,seed43,target_disjoint,7,3,-0.009416486569929106
H91,random_feature_subset_control,lung,seed43,target_disjoint,11,0,0.09354739117011424
H91,random_feature_subset_control,lung,seed43,target_disjoint,11,1,-0.00030873726458802153
H91,random_feature_subset_control,lung,seed43,target_disjoint,11,2,-0.0038592158073480487
H91,random_feature_subset_control,lung,seed43,target_disjoint,11,3,-0.006869404137079482
H91,random_feature_subset_control,lung,seed44,source_disjoint,0,0,0.00041678243956655425
H91,random_feature_subset_control,lung,seed44,source_disjoint,0,1,0.0018755209780496607
H91,random_feature_subset_control,lung,seed44,source_disjoint,0,2,0.11715059738816325
H91,random_feature_subset_control,lung,seed44,source_disjoint,0,3,0.05932203389830515
H91,random_feature_subset_control,lung,seed44,source_disjoint,3,0,-0.0008335648791331085
H91,random_feature_subset_control,lung,seed44,source_disjoint,3,1,0.04529035843289797
H91,random_feature_subset_control,lung,seed44,source_disjoint,3,2,0.002848013337037991
H91,random_feature_subset_control,lung,seed44,source_disjoint,3,3,-0.001667129758266217
H91,random_feature_subset_control,lung,seed44,source_disjoint,7,0,0.10860655737704905
H91,random_feature_subset_control,lung,seed44,source_disjoint,7,1,0.0013198110586273293
H91,random_feature_subset_control,lung,seed44,source_disjoint,7,2,0.003334259516532212
H91,random_feature_subset_control,lung,seed44,source_disjoint,7,3,0.0002083912197831106
H91,random_feature_subset_control,lung,seed44,source_disjoint,11,0,-0.0018060572381218831
H91,random_feature_subset_control,lung,seed44,source_disjoint,11,1,0.1181230897471518
H91,random_feature_subset_control,lung,seed44,source_disjoint,11,2,0.1181230897471518
H91,random_feature_subset_control,lung,seed44,source_disjoint,11,3,-0.002709085857182658
H91,random_feature_subset_control,lung,seed44,target_disjoint,0,0,-0.003681165952971188
H91,random_feature_subset_control,lung,seed44,target_disjoint,0,1,0.0013522650439484751
H91,random_feature_subset_control,lung,seed44,target_disjoint,0,2,0.0706934114642025
H91,random_feature_subset_control,lung,seed44,target_disjoint,0,3,0.05191195252047176
H91,random_feature_subset_control,lung,seed44,target_disjoint,3,0,0.10382390504094352
H91,random_feature_subset_control,lung,seed44,target_disjoint,3,1,-0.017879948914431787
H91,random_feature_subset_control,lung,seed44,target_disjoint,3,2,-0.006986702727067917
H91,random_feature_subset_control,lung,seed44,target_disjoint,3,3,-0.004207046803395786
H91,random_feature_subset_control,lung,seed44,target_disjoint,7,0,0.07061828562842776
H91,random_feature_subset_control,lung,seed44,target_disjoint,7,1,0.02974983096686956
H91,random_feature_subset_control,lung,seed44,target_disjoint,7,2,0.0005258808504245982
H91,random_feature_subset_control,lung,seed44,target_disjoint,7,3,0.000826384193524321
H91,random_feature_subset_control,lung,seed44,target_disjoint,11,0,0.012771392081736943
H91,random_feature_subset_control,lung,seed44,target_disjoint,11,1,0.014273908797235446
H91,random_feature_subset_control,lung,seed44,target_disjoint,11,2,0.005409060175794456
H91,random_feature_subset_control,lung,seed44,target_disjoint,11,3,0.0030801592667719646
H91,stability_descriptor_shuffle_within_geodesic_bins,external_lung,seed42_main,source_disjoint,0,0,-0.0008347826086956278
H91,stability_descriptor_shuffle_within_geodesic_bins,external_lung,seed42_main,source_disjoint,0,1,-0.008834782608695746
H91,stability_descriptor_shuffle_within_geodesic_bins,external_lung,seed42_main,source_disjoint,0,2,-0.00020869565217385144
H91,stability_descriptor_shuffle_within_geodesic_bins,external_lung,seed42_main,source_disjoint,0,3,-0.005426086956521803
H91,stability_descriptor_shuffle_within_geodesic_bins,external_lung,seed42_main,source_disjoint,3,0,-0.005773913043478296
H91,stability_descriptor_shuffle_within_geodesic_bins,external_lung,seed42_main,source_disjoint,3,1,-0.006504347826086887
H91,stability_descriptor_shuffle_within_geodesic_bins,external_lung,seed42_main,source_disjoint,3,2,-0.005460869565217297
H91,stability_descriptor_shuffle_within_geodesic_bins,external_lung,seed42_main,source_disjoint,3,3,-0.0028869565217389814
H91,stability_descriptor_shuffle_within_geodesic_bins,external_lung,seed42_main,source_disjoint,7,0,0.028904347826086862
H91,stability_descriptor_shuffle_within_geodesic_bins,external_lung,seed42_main,source_disjoint,7,1,0.011721739130434616
H91,stability_descriptor_shuffle_within_geodesic_bins,external_lung,seed42_main,source_disjoint,7,2,0.018121739130434578
H91,stability_descriptor_shuffle_within_geodesic_bins,external_lung,seed42_main,source_disjoint,7,3,0.0203478260869564
H91,stability_descriptor_shuffle_within_geodesic_bins,external_lung,seed42_main,source_disjoint,11,0,-0.003965217391304288
H91,stability_descriptor_shuffle_within_geodesic_bins,external_lung,seed42_main,source_disjoint,11,1,-0.0016695652173912556
H91,stability_descriptor_shuffle_within_geodesic_bins,external_lung,seed42_main,source_disjoint,11,2,-0.002295652173912921
H91,stability_descriptor_shuffle_within_geodesic_bins,external_lung,seed42_main,source_disjoint,11,3,0.002365217391304353
H91,stability_descriptor_shuffle_within_geodesic_bins,external_lung,seed42_main,target_disjoint,0,0,-0.0008541035794703555
H91,stability_descriptor_shuffle_within_geodesic_bins,external_lung,seed42_main,target_disjoint,0,1,-0.003571705877785547
H91,stability_descriptor_shuffle_within_geodesic_bins,external_lung,seed42_main,target_disjoint,0,2,-0.00527991303672648
H91,stability_descriptor_shuffle_within_geodesic_bins,external_lung,seed42_main,target_disjoint,0,3,-0.0014752698190853009
H91,stability_descriptor_shuffle_within_geodesic_bins,external_lung,seed42_main,target_disjoint,3,0,-0.0023293733985558784
H91,stability_descriptor_shuffle_within_geodesic_bins,external_lung,seed42_main,target_disjoint,3,1,-0.003571705877785547
H91,stability_descriptor_shuffle_within_geodesic_bins,external_lung,seed42_main,target_disjoint,3,2,-0.0117245127727309
H91,stability_descriptor_shuffle_within_geodesic_bins,external_lung,seed42_main,target_disjoint,3,3,-0.001708207158940822
H91,stability_descriptor_shuffle_within_geodesic_bins,external_lung,seed42_main,target_disjoint,7,0,0.00263995651836324
H91,stability_descriptor_shuffle_within_geodesic_bins,external_lung,seed42_main,target_disjoint,7,1,0.002795248078266921
H91,stability_descriptor_shuffle_within_geodesic_bins,external_lung,seed42_main,target_disjoint,7,2,0.0020187902787484058
H91,stability_descriptor_shuffle_within_geodesic_bins,external_lung,seed42_main,target_disjoint,7,3,0.0027176022983150805
H91,stability_descriptor_shuffle_within_geodesic_bins,external_lung,seed42_main,target_disjoint,11,0,0.0033387685379298038
H91,stability_descriptor_shuffle_within_geodesic_bins,external_lung,seed42_main,target_disjoint,11,1,0.002096436058700135
H91,stability_descriptor_shuffle_within_geodesic_bins,external_lung,seed42_main,target_disjoint,11,2,0.0023293733985556564
H91,stability_descriptor_shuffle_within_geodesic_bins,external_lung,seed42_main,target_disjoint,11,3,0.0038046432176410683
H91,stability_descriptor_shuffle_within_geodesic_bins,external_lung,seed43,source_disjoint,0,0,-0.0025027808676306718
H91,stability_descriptor_shuffle_within_geodesic_bins,external_lung,seed43,source_disjoint,0,1,0.0024332591768632117
H91,stability_descriptor_shuffle_within_geodesic_bins,external_lung,seed43,source_disjoint,0,2,0.004310344827586188
H91,stability_descriptor_shuffle_within_geodesic_bins,external_lung,seed43,source_disjoint,0,3,-0.009733036707452736
H91,stability_descriptor_shuffle_within_geodesic_bins,external_lung,seed43,source_disjoint,3,0,-0.007299777530589635
H91,stability_descriptor_shuffle_within_geodesic_bins,external_lung,seed43,source_disjoint,3,1,-0.0067436040044493994
H91,stability_descriptor_shuffle_within_geodesic_bins,external_lung,seed43,source_disjoint,3,2,-0.002641824249165703
H91,stability_descriptor_shuffle_within_geodesic_bins,external_lung,seed43,source_disjoint,3,3,-0.007021690767519351
H91,stability_descriptor_shuffle_within_geodesic_bins,external_lung,seed43,source_disjoint,7,0,-0.003476084538376001
H91,stability_descriptor_shuffle_within_geodesic_bins,external_lung,seed43,source_disjoint,7,1,0.0041017797552834745
H91,stability_descriptor_shuffle_within_geodesic_bins,external_lung,seed43,source_disjoint,7,2,0.0011123470522801382
H91,stability_descriptor_shuffle_within_geodesic_bins,external_lung,seed43,source_disjoint,7,3,-0.017658509454949955
H91,stability_descriptor_shuffle_within_geodesic_bins,external_lung,seed43,source_disjoint,11,0,-0.004379866518353759
H91,stability_descriptor_shuffle_within_geodesic_bins,external_lung,seed43,source_disjoint,11,1,-0.0002780867630700623
H91,stability_descriptor_shuffle_within_geodesic_bins,external_lung,seed43,source_disjoint,11,2,0.0009733036707453291
H91,stability_descriptor_shuffle_within_geodesic_bins,external_lung,seed43,source_disjoint,11,3,0.0013209121245828515
H91,stability_descriptor_shuffle_within_geodesic_bins,external_lung,seed43,target_disjoint,0,0,-0.00131997825918162
H91,stability_descriptor_shuffle_within_geodesic_bins,external_lung,seed43,target_disjoint,0,1,-0.0006988120195667857
H91,stability_descriptor_shuffle_within_geodesic_bins,external_lung,seed43,target_disjoint,0,2,0.0025623107384112886
H91,stability_descriptor_shuffle_within_geodesic_bins,external_lung,seed43,target_disjoint,0,3,-0.00263995651836324
H91,stability_descriptor_shuffle_within_geodesic_bins,external_lung,seed43,target_disjoint,3,0,-0.001669384268965124
H91,stability_descriptor_shuffle_within_geodesic_bins,external_lung,seed43,target_disjoint,3,1,3.882288997580918e-05
H91,stability_descriptor_shuffle_within_geodesic_bins,external_lung,seed43,target_disjoint,3,2,0.00011646866992764959
H91,stability_descriptor_shuffle_within_geodesic_bins,external_lung,seed43,target_disjoint,3,3,-0.002057613168724326
H91,stability_descriptor_shuffle_within_geodesic_bins,external_lung,seed43,target_disjoint,7,0,-0.0008541035794703555
H91,stability_descriptor_shuffle_within_geodesic_bins,external_lung,seed43,target_disjoint,7,1,-0.003183476978026012
H91,stability_descriptor_shuffle_within_geodesic_bins,external_lung,seed43,target_disjoint,7,2,0.0017858529388928845
H91,stability_descriptor_shuffle_within_geodesic_bins,external_lung,seed43,target_disjoint,7,3,-0.0005435204596628829
H91,stability_descriptor_shuffle_within_geodesic_bins,external_lung,seed43,target_disjoint,11,0,-0.004814038357015216
H91,stability_descriptor_shuffle_within_geodesic_bins,external_lung,seed43,target_disjoint,11,1,-0.005512850376582112
H91,stability_descriptor_shuffle_within_geodesic_bins,external_lung,seed43,target_disjoint,11,2,-0.0013976240391334604
H91,stability_descriptor_shuffle_within_geodesic_bins,external_lung,seed43,target_disjoint,11,3,-0.003028185418122553
H91,stability_descriptor_shuffle_within_geodesic_bins,external_lung,seed44,source_disjoint,0,0,0.003212514840421843
H91,stability_descriptor_shuffle_within_geodesic_bins,external_lung,seed44,source_disjoint,0,1,0.00314267756128217
H91,stability_descriptor_shuffle_within_geodesic_bins,external_lung,seed44,source_disjoint,0,2,0.002793491165584139
H91,stability_descriptor_shuffle_within_geodesic_bins,external_lung,seed44,source_disjoint,0,3,-0.002234792932467311
H91,stability_descriptor_shuffle_within_geodesic_bins,external_lung,seed44,source_disjoint,3,0,0.0047489349814930915
H91,stability_descriptor_shuffle_within_geodesic_bins,external_lung,seed44,source_disjoint,3,1,0.0042600740275158255
H91,stability_descriptor_shuffle_within_geodesic_bins,external_lung,seed44,source_disjoint,3,2,0.002793491165584139
H91,stability_descriptor_shuffle_within_geodesic_bins,external_lung,seed44,source_disjoint,3,3,0.001815769257629718
H91,stability_descriptor_shuffle_within_geodesic_bins,external_lung,seed44,source_disjoint,7,0,-0.003072840282142608
H91,stability_descriptor_shuffle_within_geodesic_bins,external_lung,seed44,source_disjoint,7,1,-0.0004888609539771549
H91,stability_descriptor_shuffle_within_geodesic_bins,external_lung,seed44,source_disjoint,7,2,-0.007542426147077452
H91,stability_descriptor_shuffle_within_geodesic_bins,external_lung,seed44,source_disjoint,7,3,-0.006425029680843686
H91,stability_descriptor_shuffle_within_geodesic_bins,external_lung,seed44,source_disjoint,11,0,-0.006425029680843575
H91,stability_descriptor_shuffle_within_geodesic_bins,external_lung,seed44,source_disjoint,11,1,-0.0006983727913959514
H91,stability_descriptor_shuffle_within_geodesic_bins,external_lung,seed44,source_disjoint,11,2,-0.004539423144074184
H91,stability_descriptor_shuffle_within_geodesic_bins,external_lung,seed44,source_disjoint,11,3,-0.007263077030518872
H91,stability_descriptor_shuffle_within_geodesic_bins,external_lung,seed44,target_disjoint,0,0,0.00185242358752713
H91,stability_descriptor_shuffle_within_geodesic_bins,external_lung,seed44,target_disjoint,0,1,0.005788823711021962
H91,stability_descriptor_shuffle_within_geodesic_bins,external_lung,seed44,target_disjoint,0,2,-0.003936400123494832
H91,stability_descriptor_shuffle_within_geodesic_bins,external_lung,seed44,target_disjoint,0,3,0.004476690336523648
H91,stability_descriptor_shuffle_within_geodesic_bins,external_lung,seed44,target_disjoint,3,0,-0.0038592158073479377
H91,stability_descriptor_shuffle_within_geodesic_bins,external_lung,seed44,target_disjoint,3,1,0.0008490274776166151
H91,stability_descriptor_shuffle_within_geodesic_bins,external_lung,seed44,target_disjoint,3,2,-0.0026242667489965177
H91,stability_descriptor_shuffle_within_geodesic_bins,external_lung,seed44,target_disjoint,3,3,-0.0037820314912009323
H91,stability_descriptor_shuffle_within_geodesic_bins,external_lung,seed44,target_disjoint,7,0,0.0003087372645879105
H91,stability_descriptor_shuffle_within_geodesic_bins,external_lung,seed44,target_disjoint,7,1,-0.00061747452917571
H91,stability_descriptor_shuffle_within_geodesic_bins,external_lung,seed44,target_disjoint,7,2,-0.001852423587526908
H91,stability_descriptor_shuffle_within_geodesic_bins,external_lung,seed44,target_disjoint,7,3,-0.0011577647422043036
H91,stability_descriptor_shuffle_within_geodesic_bins,external_lung,seed44,target_disjoint,11,0,-0.004476690336523759
H91,stability_descriptor_shuffle_within_geodesic_bins,external_lung,seed44,target_disjoint,11,1,-0.00123494905835142
H91,stability_descriptor_shuffle_within_geodesic_bins,external_lung,seed44,target_disjoint,11,2,-0.002933004013584539
H91,stability_descriptor_shuffle_within_geodesic_bins,external_lung,seed44,target_disjoint,11,3,-0.0015436863229392195
H91,stability_descriptor_shuffle_within_geodesic_bins,immune,seed42_main,source_disjoint,0,0,-0.004074074074074119
H91,stability_descriptor_shuffle_within_geodesic_bins,immune,seed42_main,source_disjoint,0,1,0.0024074074074074137
H91,stability_descriptor_shuffle_within_geodesic_bins,immune,seed42_main,source_disjoint,0,2,0.0022222222222222365
H91,stability_descriptor_shuffle_within_geodesic_bins,immune,seed42_main,source_disjoint,0,3,0.0010185185185185297
H91,stability_descriptor_shuffle_within_geodesic_bins,immune,seed42_main,source_disjoint,3,0,-0.008518518518518592
H91,stability_descriptor_shuffle_within_geodesic_bins,immune,seed42_main,source_disjoint,3,1,0.009629629629629544
H91,stability_descriptor_shuffle_within_geodesic_bins,immune,seed42_main,source_disjoint,3,2,0.005370370370370359
H91,stability_descriptor_shuffle_within_geodesic_bins,immune,seed42_main,source_disjoint,3,3,0.0036111111111110095
H91,stability_descriptor_shuffle_within_geodesic_bins,immune,seed42_main,source_disjoint,7,0,-0.004444444444444473
H91,stability_descriptor_shuffle_within_geodesic_bins,immune,seed42_main,source_disjoint,7,1,-0.002685185185185235
H91,stability_descriptor_shuffle_within_geodesic_bins,immune,seed42_main,source_disjoint,7,2,-0.0009259259259258856
H91,stability_descriptor_shuffle_within_geodesic_bins,immune,seed42_main,source_disjoint,7,3,-0.0043981481481480955
H91,stability_descriptor_shuffle_within_geodesic_bins,immune,seed42_main,source_disjoint,11,0,0.0050000000000000044
H91,stability_descriptor_shuffle_within_geodesic_bins,immune,seed42_main,source_disjoint,11,1,-0.0008333333333332416
H91,stability_descriptor_shuffle_within_geodesic_bins,immune,seed42_main,source_disjoint,11,2,-0.0008333333333333526
H91,stability_descriptor_shuffle_within_geodesic_bins,immune,seed42_main,source_disjoint,11,3,-0.002777777777777879
H91,stability_descriptor_shuffle_within_geodesic_bins,immune,seed42_main,target_disjoint,0,0,0.00037037037037035425
H91,stability_descriptor_shuffle_within_geodesic_bins,immune,seed42_main,target_disjoint,0,1,0.0022222222222223476
H91,stability_descriptor_shuffle_within_geodesic_bins,immune,seed42_main,target_disjoint,0,2,0.004074074074074119
H91,stability_descriptor_shuffle_within_geodesic_bins,immune,seed42_main,target_disjoint,0,3,0.006759259259259243
H91,stability_descriptor_shuffle_within_geodesic_bins,immune,seed42_main,target_disjoint,3,0,-0.01416666666666655
H91,stability_descriptor_shuffle_within_geodesic_bins,immune,seed42_main,target_disjoint,3,1,-0.010370370370370363
H91,stability_descriptor_shuffle_within_geodesic_bins,immune,seed42_main,target_disjoint,3,2,-0.0006481481481481755
H91,stability_descriptor_shuffle_within_geodesic_bins,immune,seed42_main,target_disjoint,3,3,0.0012037037037038179
H91,stability_descriptor_shuffle_within_geodesic_bins,immune,seed42_main,target_disjoint,7,0,0.007037037037037175
H91,stability_descriptor_shuffle_within_geodesic_bins,immune,seed42_main,target_disjoint,7,1,-0.0064814814814815325
H91,stability_descriptor_shuffle_within_geodesic_bins,immune,seed42_main,target_disjoint,7,2,0.0023148148148148806
H91,stability_descriptor_shuffle_within_geodesic_bins,immune,seed42_main,target_disjoint,7,3,-0.0024999999999999467
H91,stability_descriptor_shuffle_within_geodesic_bins,immune,seed42_main,target_disjoint,11,0,-0.002870370370370412
H91,stability_descriptor_shuffle_within_geodesic_bins,immune,seed42_main,target_disjoint,11,1,-0.0021296296296297035
H91,stability_descriptor_shuffle_within_geodesic_bins,immune,seed42_main,target_disjoint,11,2,0.0006481481481480644
H91,stability_descriptor_shuffle_within_geodesic_bins,immune,seed42_main,target_disjoint,11,3,0.0024999999999999467
H91,stability_descriptor_shuffle_within_geodesic_bins,immune,seed43,source_disjoint,0,0,-0.0008242513050645828
H91,stability_descriptor_shuffle_within_geodesic_bins,immune,seed43,source_disjoint,0,1,-0.004487590438684852
H91,stability_descriptor_shuffle_within_geodesic_bins,immune,seed43,source_disjoint,0,2,0.0010074182617456628
H91,stability_descriptor_shuffle_within_geodesic_bins,immune,seed43,source_disjoint,0,3,0.0033885886985988156
H91,stability_descriptor_shuffle_within_geodesic_bins,immune,seed43,source_disjoint,3,0,0.00045791739170264467
H91,stability_descriptor_shuffle_within_geodesic_bins,immune,seed43,source_disjoint,3,1,-0.0030222547852367665
H91,stability_descriptor_shuffle_within_geodesic_bins,immune,seed43,source_disjoint,3,2,0.001190585218426743
H91,stability_descriptor_shuffle_within_geodesic_bins,immune,seed43,source_disjoint,3,3,-0.0061360930488139065
H91,stability_descriptor_shuffle_within_geodesic_bins,immune,seed43,source_disjoint,7,0,0.0038465060903013493
H91,stability_descriptor_shuffle_within_geodesic_bins,immune,seed43,source_disjoint,7,1,0.004304423482003883
H91,stability_descriptor_shuffle_within_geodesic_bins,immune,seed43,source_disjoint,7,2,0.0028390878285556864
H91,stability_descriptor_shuffle_within_geodesic_bins,immune,seed43,source_disjoint,7,3,0.00485392435204679
H91,stability_descriptor_shuffle_within_geodesic_bins,immune,seed43,source_disjoint,11,0,0.0033885886985987046
H91,stability_descriptor_shuffle_within_geodesic_bins,immune,seed43,source_disjoint,11,1,0.0008242513050645828
H91,stability_descriptor_shuffle_within_geodesic_bins,immune,seed43,source_disjoint,11,2,0.00155691913178857
H91,stability_descriptor_shuffle_within_geodesic_bins,immune,seed43,source_disjoint,11,3,-0.008242513050645717
H91,stability_descriptor_shuffle_within_geodesic_bins,immune,seed43,target_disjoint,0,0,-0.005769759135451968
H91,stability_descriptor_shuffle_within_geodesic_bins,immune,seed43,target_disjoint,0,1,0.0010074182617456628
H91,stability_descriptor_shuffle_within_geodesic_bins,immune,seed43,target_disjoint,0,2,-0.0034801721769393
H91,stability_descriptor_shuffle_within_geodesic_bins,immune,seed43,target_disjoint,0,3,-0.0026559208718747174
H91,stability_descriptor_shuffle_within_geodesic_bins,immune,seed43,target_disjoint,3,0,-0.002106420001831699
H91,stability_descriptor_shuffle_within_geodesic_bins,immune,seed43,target_disjoint,3,1,-0.005037091308727981
H91,stability_descriptor_shuffle_within_geodesic_bins,immune,seed43,target_disjoint,3,2,-0.0010074182617455518
H91,stability_descriptor_shuffle_within_geodesic_bins,immune,seed43,target_disjoint,3,3,-0.009433098269072349
H91,stability_descriptor_shuffle_within_geodesic_bins,immune,seed43,target_disjoint,7,0,-0.001556919131788681
H91,stability_descriptor_shuffle_within_geodesic_bins,immune,seed43,target_disjoint,7,1,-0.005311841743749435
H91,stability_descriptor_shuffle_within_geodesic_bins,immune,seed43,target_disjoint,7,2,0.001190585218426632
H91,stability_descriptor_shuffle_within_geodesic_bins,immune,seed43,target_disjoint,7,3,-0.0008242513050646938
H91,stability_descriptor_shuffle_within_geodesic_bins,immune,seed43,target_disjoint,11,0,-0.0016485026101291655
H91,stability_descriptor_shuffle_within_geodesic_bins,immune,seed43,target_disjoint,11,1,-0.00329700522025822
H91,stability_descriptor_shuffle_within_geodesic_bins,immune,seed43,target_disjoint,11,2,0.0010074182617456628
H91,stability_descriptor_shuffle_within_geodesic_bins,immune,seed43,target_disjoint,11,3,0.00018316695668108007
H91,stability_descriptor_shuffle_within_geodesic_bins,immune,seed44,source_disjoint,0,0,-0.0010074182617456628
H91,stability_descriptor_shuffle_within_geodesic_bins,immune,seed44,source_disjoint,0,1,-0.001190585218426743
H91,stability_descriptor_shuffle_within_geodesic_bins,immune,seed44,source_disjoint,0,2,-0.001373752175107823
H91,stability_descriptor_shuffle_within_geodesic_bins,immune,seed44,source_disjoint,0,3,0.00018316695668085803
H91,stability_descriptor_shuffle_within_geodesic_bins,immune,seed44,source_disjoint,3,0,0.0010074182617455518
H91,stability_descriptor_shuffle_within_geodesic_bins,immune,seed44,source_disjoint,3,1,0.002381170436853264
H91,stability_descriptor_shuffle_within_geodesic_bins,immune,seed44,source_disjoint,3,2,0.0021980034801721837
H91,stability_descriptor_shuffle_within_geodesic_bins,immune,seed44,source_disjoint,3,3,0.0007326678267239872
H91,stability_descriptor_shuffle_within_geodesic_bins,immune,seed44,source_disjoint,7,0,-0.008975180877369704
H91,stability_descriptor_shuffle_within_geodesic_bins,immune,seed44,source_disjoint,7,1,-0.006868760875538005
H91,stability_descriptor_shuffle_within_geodesic_bins,immune,seed44,source_disjoint,7,2,0.004670757395365932
H91,stability_descriptor_shuffle_within_geodesic_bins,immune,seed44,source_disjoint,7,3,-0.0005495008700431292
H91,stability_descriptor_shuffle_within_geodesic_bins,immune,seed44,source_disjoint,11,0,0.004670757395365821
H91,stability_descriptor_shuffle_within_geodesic_bins,immune,seed44,source_disjoint,11,1,0.00174008608846965
H91,stability_descriptor_shuffle_within_geodesic_bins,immune,seed44,source_disjoint,11,2,0.004304423482003772
H91,stability_descriptor_shuffle_within_geodesic_bins,immune,seed44,source_disjoint,11,3,0.009982599139115256
H91,stability_descriptor_shuffle_within_geodesic_bins,immune,seed44,target_disjoint,0,0,0.005337578424946199
H91,stability_descriptor_shuffle_within_geodesic_bins,immune,seed44,target_disjoint,0,1,0.008146830227549362
H91,stability_descriptor_shuffle_within_geodesic_bins,immune,seed44,target_disjoint,0,2,0.005150294971439262
H91,stability_descriptor_shuffle_within_geodesic_bins,immune,seed44,target_disjoint,0,3,0.008240471954302886
H91,stability_descriptor_shuffle_within_geodesic_bins,immune,seed44,target_disjoint,3,0,0.0062739956924805496
H91,stability_descriptor_shuffle_within_geodesic_bins,immune,seed44,target_disjoint,3,1,0.007304054686768535
H91,stability_descriptor_shuffle_within_geodesic_bins,immune,seed44,target_disjoint,3,2,-0.0027156100758498614
H91,stability_descriptor_shuffle_within_geodesic_bins,immune,seed44,target_disjoint,3,3,0.008708680588070061
H91,stability_descriptor_shuffle_within_geodesic_bins,immune,seed44,target_disjoint,7,0,-0.004307519430658213
H91,stability_descriptor_shuffle_within_geodesic_bins,immune,seed44,target_disjoint,7,1,0.00046820863376717536
H91,stability_descriptor_shuffle_within_geodesic_bins,immune,seed44,target_disjoint,7,2,-0.0055248618784530246
H91,stability_descriptor_shuffle_within_geodesic_bins,immune,seed44,target_disjoint,7,3,-0.0010300589942879856
H91,stability_descriptor_shuffle_within_geodesic_bins,immune,seed44,target_disjoint,11,0,-0.0007959546774043424
H91,stability_descriptor_shuffle_within_geodesic_bins,immune,seed44,target_disjoint,11,1,0.0006086712238974057
H91,stability_descriptor_shuffle_within_geodesic_bins,immune,seed44,target_disjoint,11,2,0.0005618503605206993
H91,stability_descriptor_shuffle_within_geodesic_bins,immune,seed44,target_disjoint,11,3,0.013156662608858616
H91,stability_descriptor_shuffle_within_geodesic_bins,lung,seed42_main,source_disjoint,0,0,-0.003958608236683259
H91,stability_descriptor_shuffle_within_geodesic_bins,lung,seed42_main,source_disjoint,0,1,0.004444753107854638
H91,stability_descriptor_shuffle_within_geodesic_bins,lung,seed42_main,source_disjoint,0,2,0.0011111882769636594
H91,stability_descriptor_shuffle_within_geodesic_bins,lung,seed42_main,source_disjoint,0,3,0.0018751302173761752
H91,stability_descriptor_shuffle_within_geodesic_bins,lung,seed42_main,source_disjoint,3,0,0.0020140287519967437
H91,stability_descriptor_shuffle_within_geodesic_bins,lung,seed42_main,source_disjoint,3,1,0.0015973331481353714
H91,stability_descriptor_shuffle_within_geodesic_bins,lung,seed42_main,source_disjoint,3,2,0.0017362316827558288
H91,stability_descriptor_shuffle_within_geodesic_bins,lung,seed42_main,source_disjoint,3,3,-0.00034724633655103254
H91,stability_descriptor_shuffle_within_geodesic_bins,lung,seed42_main,source_disjoint,7,0,0.000972289742343313
H91,stability_descriptor_shuffle_within_geodesic_bins,lung,seed42_main,source_disjoint,7,1,0.0023612750885477762
H91,stability_descriptor_shuffle_within_geodesic_bins,lung,seed42_main,source_disjoint,7,2,-0.00430585457323418
H91,stability_descriptor_shuffle_within_geodesic_bins,lung,seed42_main,source_disjoint,7,3,0.005278144315577493
H91,stability_descriptor_shuffle_within_geodesic_bins,lung,seed42_main,source_disjoint,11,0,-0.0020834780193068614
H91,stability_descriptor_shuffle_within_geodesic_bins,lung,seed42_main,source_disjoint,11,1,0.0012500868115841168
H91,stability_descriptor_shuffle_within_geodesic_bins,lung,seed42_main,source_disjoint,11,2,-0.0025001736231682337
H91,stability_descriptor_shuffle_within_geodesic_bins,lung,seed42_main,source_disjoint,11,3,-0.008472810611848014
H91,stability_descriptor_shuffle_within_geodesic_bins,lung,seed42_main,target_disjoint,0,0,-0.007287206070167529
H91,stability_descriptor_shuffle_within_geodesic_bins,lung,seed42_main,target_disjoint,0,1,-0.0035309142814211603
H91,stability_descriptor_shuffle_within_geodesic_bins,lung,seed42_main,target_disjoint,0,2,-0.0048831793253700795
H91,stability_descriptor_shuffle_within_geodesic_bins,lung,seed42_main,target_disjoint,0,3,-0.0010517617008488633
H91,stability_descriptor_shuffle_within_geodesic_bins,lung,seed42_main,target_disjoint,3,0,0.00037562917887457026
H91,stability_descriptor_shuffle_within_geodesic_bins,lung,seed42_main,target_disjoint,3,1,-0.0007512583577491405
H91,stability_descriptor_shuffle_within_geodesic_bins,lung,seed42_main,target_disjoint,3,2,-0.001502516715498503
H91,stability_descriptor_shuffle_within_geodesic_bins,lung,seed42_main,target_disjoint,3,3,-0.0037562917887461467
H91,stability_descriptor_shuffle_within_geodesic_bins,lung,seed42_main,target_disjoint,7,0,-0.00969123281496509
H91,stability_descriptor_shuffle_within_geodesic_bins,lung,seed42_main,target_disjoint,7,1,-0.012020133723987692
H91,stability_descriptor_shuffle_within_geodesic_bins,lung,seed42_main,target_disjoint,7,2,0.004582675982270246
H91,stability_descriptor_shuffle_within_geodesic_bins,lung,seed42_main,target_disjoint,7,3,-0.004357298474945592
H91,stability_descriptor_shuffle_within_geodesic_bins,lung,seed42_main,target_disjoint,11,0,-0.0012020133723987803
H91,stability_descriptor_shuffle_within_geodesic_bins,lung,seed42_main,target_disjoint,11,1,0.0027045300878971723
H91,stability_descriptor_shuffle_within_geodesic_bins,lung,seed42_main,target_disjoint,11,2,0.0003005033430996118
H91,stability_descriptor_shuffle_within_geodesic_bins,lung,seed42_main,target_disjoint,11,3,0.0028547817594470892
H91,stability_descriptor_shuffle_within_geodesic_bins,lung,seed43,source_disjoint,0,0,-0.002430724355857894
H91,stability_descriptor_shuffle_within_geodesic_bins,lung,seed43,source_disjoint,0,1,-0.008958955483019615
H91,stability_descriptor_shuffle_within_geodesic_bins,lung,seed43,source_disjoint,0,2,-0.005972636988679669
H91,stability_descriptor_shuffle_within_geodesic_bins,lung,seed43,source_disjoint,0,3,-0.0006250434057919474
H91,stability_descriptor_shuffle_within_geodesic_bins,lung,seed43,source_disjoint,3,0,-0.0052086950482673755
H91,stability_descriptor_shuffle_within_geodesic_bins,lung,seed43,source_disjoint,3,1,-0.034516285853184336
H91,stability_descriptor_shuffle_within_geodesic_bins,lung,seed43,source_disjoint,3,2,-0.014584346135148252
H91,stability_descriptor_shuffle_within_geodesic_bins,lung,seed43,source_disjoint,3,3,-0.026321272310577237
H91,stability_descriptor_shuffle_within_geodesic_bins,lung,seed43,source_disjoint,7,0,-0.0006944926731022871
H91,stability_descriptor_shuffle_within_geodesic_bins,lung,seed43,source_disjoint,7,1,0.008403361344537785
H91,stability_descriptor_shuffle_within_geodesic_bins,lung,seed43,source_disjoint,7,2,0.001666782415445489
H91,stability_descriptor_shuffle_within_geodesic_bins,lung,seed43,source_disjoint,7,3,-0.005000347246336467
H91,stability_descriptor_shuffle_within_geodesic_bins,lung,seed43,source_disjoint,11,0,-0.006042086255989898
H91,stability_descriptor_shuffle_within_geodesic_bins,lung,seed43,source_disjoint,11,1,-0.0028474199597193772
H91,stability_descriptor_shuffle_within_geodesic_bins,lung,seed43,source_disjoint,11,2,-0.0023612750885477762
H91,stability_descriptor_shuffle_within_geodesic_bins,lung,seed43,source_disjoint,11,3,-0.00486144871171601
H91,stability_descriptor_shuffle_within_geodesic_bins,lung,seed43,target_disjoint,0,0,-0.0016208706390861138
H91,stability_descriptor_shuffle_within_geodesic_bins,lung,seed43,target_disjoint,0,1,-0.0007718431614694987
H91,stability_descriptor_shuffle_within_geodesic_bins,lung,seed43,target_disjoint,0,2,-0.008490274776165485
H91,stability_descriptor_shuffle_within_geodesic_bins,lung,seed43,target_disjoint,0,3,0.004090768755788732
H91,stability_descriptor_shuffle_within_geodesic_bins,lung,seed43,target_disjoint,3,0,0.0013893176906453197
H91,stability_descriptor_shuffle_within_geodesic_bins,lung,seed43,target_disjoint,3,1,-0.003087372645878328
H91,stability_descriptor_shuffle_within_geodesic_bins,lung,seed43,target_disjoint,3,2,-0.0010805804260574092
H91,stability_descriptor_shuffle_within_geodesic_bins,lung,seed43,target_disjoint,3,3,0.0030101883297315446
H91,stability_descriptor_shuffle_within_geodesic_bins,lung,seed43,target_disjoint,7,0,-0.0019682000617475826
H91,stability_descriptor_shuffle_within_geodesic_bins,lung,seed43,target_disjoint,7,1,0.00042451373880825205
H91,stability_descriptor_shuffle_within_geodesic_bins,lung,seed43,target_disjoint,7,2,-0.000810435319543279
H91,stability_descriptor_shuffle_within_geodesic_bins,lung,seed43,target_disjoint,7,3,0.00019296079036734692
H91,stability_descriptor_shuffle_within_geodesic_bins,lung,seed43,target_disjoint,11,0,0.006020376659462756
H91,stability_descriptor_shuffle_within_geodesic_bins,lung,seed43,target_disjoint,11,1,-0.006329113924050778
H91,stability_descriptor_shuffle_within_geodesic_bins,lung,seed43,target_disjoint,11,2,-0.01011114541525171
H91,stability_descriptor_shuffle_within_geodesic_bins,lung,seed43,target_disjoint,11,3,-0.009262117937635206
H91,stability_descriptor_shuffle_within_geodesic_bins,lung,seed44,source_disjoint,0,0,-0.005904417893859315
H91,stability_descriptor_shuffle_within_geodesic_bins,lung,seed44,source_disjoint,0,1,-0.0020839121978326602
H91,stability_descriptor_shuffle_within_geodesic_bins,lung,seed44,source_disjoint,0,2,0.004237288135593209
H91,stability_descriptor_shuffle_within_geodesic_bins,lung,seed44,source_disjoint,0,3,0.002292303417615993
H91,stability_descriptor_shuffle_within_geodesic_bins,lung,seed44,source_disjoint,3,0,-0.004515143095304208
H91,stability_descriptor_shuffle_within_geodesic_bins,lung,seed44,source_disjoint,3,1,0.0006251736593496648
H91,stability_descriptor_shuffle_within_geodesic_bins,lung,seed44,source_disjoint,3,2,-0.0009724923589886636
H91,stability_descriptor_shuffle_within_geodesic_bins,lung,seed44,source_disjoint,3,3,-0.011947763267574407
H91,stability_descriptor_shuffle_within_geodesic_bins,lung,seed44,source_disjoint,7,0,0.0036815782161709887
H91,stability_descriptor_shuffle_within_geodesic_bins,lung,seed44,source_disjoint,7,1,0.006251736593497981
H91,stability_descriptor_shuffle_within_geodesic_bins,lung,seed44,source_disjoint,7,2,0.004515143095303986
H91,stability_descriptor_shuffle_within_geodesic_bins,lung,seed44,source_disjoint,7,3,0.0037510419560987662
H91,stability_descriptor_shuffle_within_geodesic_bins,lung,seed44,source_disjoint,11,0,-0.00923867741039186
H91,stability_descriptor_shuffle_within_geodesic_bins,lung,seed44,source_disjoint,11,1,-0.004584606835232097
H91,stability_descriptor_shuffle_within_geodesic_bins,lung,seed44,source_disjoint,11,2,-0.004654070575159874
H91,stability_descriptor_shuffle_within_geodesic_bins,lung,seed44,source_disjoint,11,3,-0.003612114476243544
H91,stability_descriptor_shuffle_within_geodesic_bins,lung,seed44,target_disjoint,0,0,-0.0036060401171963408
H91,stability_descriptor_shuffle_within_geodesic_bins,lung,seed44,target_disjoint,0,1,0.0001502516715498059
H91,stability_descriptor_shuffle_within_geodesic_bins,lung,seed44,target_disjoint,0,2,-0.007963338592141933
H91,stability_descriptor_shuffle_within_geodesic_bins,lung,seed44,target_disjoint,0,3,0.0022537750732476436
H91,stability_descriptor_shuffle_within_geodesic_bins,lung,seed44,target_disjoint,3,0,-0.003455788445646646
H91,stability_descriptor_shuffle_within_geodesic_bins,lung,seed44,target_disjoint,3,1,0.0
H91,stability_descriptor_shuffle_within_geodesic_bins,lung,seed44,target_disjoint,3,2,-0.007888212756366864
H91,stability_descriptor_shuffle_within_geodesic_bins,lung,seed44,target_disjoint,3,3,-0.0015776425512734615
H91,stability_descriptor_shuffle_within_geodesic_bins,lung,seed44,target_disjoint,7,0,-0.0014273908797234336
H91,stability_descriptor_shuffle_within_geodesic_bins,lung,seed44,target_disjoint,7,1,-0.0021035234016978377
H91,stability_descriptor_shuffle_within_geodesic_bins,lung,seed44,target_disjoint,7,2,-0.003831417624520994
H91,stability_descriptor_shuffle_within_geodesic_bins,lung,seed44,target_disjoint,7,3,-0.0030801592667717426
H91,stability_descriptor_shuffle_within_geodesic_bins,lung,seed44,target_disjoint,11,0,-0.0035309142814213823
H91,stability_descriptor_shuffle_within_geodesic_bins,lung,seed44,target_disjoint,11,1,-0.0040567951318458695
H91,stability_descriptor_shuffle_within_geodesic_bins,lung,seed44,target_disjoint,11,2,0.0005258808504244872
H91,stability_descriptor_shuffle_within_geodesic_bins,lung,seed44,target_disjoint,11,3,0.0025542784163474774
